# Generated by CAESAR Pro Ultimate
# Gas: O4
# Math: Dynamic-ILS-Applied
-1.83837772e-48
-1.83349092e-48
-1.82860432e-48
-1.82371781e-48
-1.81883150e-48
-1.81394519e-48
-1.80905908e-48
-1.80417307e-48
-1.79928725e-48
-1.79440144e-48
-1.78951582e-48
-1.78463040e-48
-1.77974498e-48
-1.77485975e-48
-1.76997463e-48
-1.76508970e-48
-1.76020487e-48
-1.75532013e-48
-1.75043550e-48
-1.74555097e-48
-1.74066663e-48
-1.73578239e-48
-1.73089835e-48
-1.72601431e-48
-1.72113046e-48
-1.71624681e-48
-1.71136317e-48
-1.70647971e-48
-1.70159636e-48
-1.69671321e-48
-1.69183005e-48
-1.68694709e-48
-1.68206423e-48
-1.67718157e-48
-1.67229901e-48
-1.66741654e-48
-1.66253418e-48
-1.65765201e-48
-1.65276994e-48
-1.64788796e-48
-1.64300619e-48
-1.63812441e-48
-1.63324284e-48
-1.62836145e-48
-1.62348007e-48
-1.61859889e-48
-1.61371780e-48
-1.60883691e-48
-1.60395612e-48
-1.59907543e-48
-1.59419484e-48
-1.58931445e-48
-1.58443415e-48
-1.57955395e-48
-1.57467385e-48
-1.56979395e-48
-1.56491414e-48
-1.56003444e-48
-1.55515493e-48
-1.55027552e-48
-1.54539621e-48
-1.54051699e-48
-1.53563798e-48
-1.53075906e-48
-1.52588024e-48
-1.52100162e-48
-1.51612309e-48
-1.51124467e-48
-1.50636634e-48
-1.50148822e-48
-1.49661018e-48
-1.49173225e-48
-1.48685452e-48
-1.48197678e-48
-1.47709934e-48
-1.47222190e-48
-1.46734466e-48
-1.46246752e-48
-1.45759047e-48
-1.45271353e-48
-1.44783678e-48
-1.44296013e-48
-1.43808357e-48
-1.43320722e-48
-1.42833096e-48
-1.42345480e-48
-1.41857884e-48
-1.41370298e-48
-1.40882722e-48
-1.40395155e-48
-1.39907608e-48
-1.39420062e-48
-1.38932544e-48
-1.38445027e-48
-1.37957529e-48
-1.37470042e-48
-1.36982564e-48
-1.36495106e-48
-1.36007657e-48
-1.35520219e-48
-1.35032790e-48
-1.34545382e-48
-1.34057983e-48
-1.33570593e-48
-1.33083224e-48
-1.32595864e-48
-1.32108515e-48
-1.31621175e-48
-1.31133855e-48
-1.30646544e-48
-1.30159244e-48
-1.29671963e-48
-1.29184692e-48
-1.28697431e-48
-1.28210180e-48
-1.27722949e-48
-1.27235727e-48
-1.26748515e-48
-1.26261323e-48
-1.25774131e-48
-1.25286959e-48
-1.24799806e-48
-1.24312653e-48
-1.23825520e-48
-1.23338407e-48
-1.22851294e-48
-1.22364201e-48
-1.21877117e-48
-1.21390043e-48
-1.20902989e-48
-1.20415945e-48
-1.19928910e-48
-1.19441896e-48
-1.18954881e-48
-1.18467886e-48
-1.17980911e-48
-1.17493936e-48
-1.17006980e-48
-1.16520034e-48
-1.16033108e-48
-1.15546192e-48
-1.15059286e-48
-1.14572390e-48
-1.14085503e-48
-1.13598636e-48
-1.13111789e-48
-1.12624942e-48
-1.12138115e-48
-1.11651297e-48
-1.11164489e-48
-1.10677701e-48
-1.10190913e-48
-1.09704145e-48
-1.09217396e-48
-1.08730658e-48
-1.08243929e-48
-1.07757210e-48
-1.07270501e-48
-1.06783811e-48
-1.06297131e-48
-1.05810472e-48
-1.05323812e-48
-1.04837171e-48
-1.04350551e-48
-1.03863931e-48
-1.03377330e-48
-1.02890739e-48
-1.02404158e-48
-1.01917596e-48
-1.01431045e-48
-1.00944503e-48
-1.00457981e-48
-9.99714595e-49
-9.94849572e-49
-9.89984747e-49
-9.85119922e-49
-9.80255294e-49
-9.75390765e-49
-9.70526432e-49
-9.65662199e-49
-9.60798063e-49
-9.55934027e-49
-9.51070187e-49
-9.46206446e-49
-9.41342803e-49
-9.36479259e-49
-9.31615913e-49
-9.26752664e-49
-9.21889515e-49
-9.17026562e-49
-9.12163708e-49
-9.07300952e-49
-9.02438295e-49
-8.97575835e-49
-8.92713474e-49
-8.87851211e-49
-8.82989145e-49
-8.78127178e-49
-8.73265309e-49
-8.68403539e-49
-8.63541966e-49
-8.58680492e-49
-8.53819116e-49
-8.48957937e-49
-8.44096758e-49
-8.39235777e-49
-8.34374992e-49
-8.29514306e-49
-8.24653620e-49
-8.19793229e-49
-8.14932839e-49
-8.10072646e-49
-8.05212551e-49
-8.00352555e-49
-7.95492755e-49
-7.90633055e-49
-7.85773453e-49
-7.80914048e-49
-7.76054643e-49
-7.71195435e-49
-7.66336424e-49
-7.61477414e-49
-7.56618600e-49
-7.51759983e-49
-7.46901367e-49
-7.42042947e-49
-7.37184626e-49
-7.32326404e-49
-7.27468379e-49
-7.22610452e-49
-7.17752624e-49
-7.12894894e-49
-7.08037362e-49
-7.03179928e-49
-6.98322592e-49
-6.93465454e-49
-6.88608414e-49
-6.83751473e-49
-6.78894630e-49
-6.74037985e-49
-6.69181438e-49
-6.64324989e-49
-6.59468738e-49
-6.54612486e-49
-6.49756530e-49
-6.44900575e-49
-6.40044816e-49
-6.35189156e-49
-6.30333594e-49
-6.25478131e-49
-6.20622865e-49
-6.15767698e-49
-6.10912728e-49
-6.06057757e-49
-6.01202984e-49
-5.96348310e-49
-5.91493832e-49
-5.86639453e-49
-5.81785173e-49
-5.76930991e-49
-5.72077006e-49
-5.67223120e-49
-5.62369332e-49
-5.57515643e-49
-5.52662151e-49
-5.47808757e-49
-5.42955462e-49
-5.38102364e-49
-5.33249365e-49
-5.28396464e-49
-5.23543761e-49
-5.18691057e-49
-5.13838550e-49
-5.08986241e-49
-5.04133931e-49
-4.99281819e-49
-4.94429805e-49
-4.89577988e-49
-4.84726172e-49
-4.79874552e-49
-4.75023129e-49
-4.70171707e-49
-4.65320481e-49
-4.60469355e-49
-4.55618425e-49
-4.50767495e-49
-4.45916762e-49
-4.41066227e-49
-4.36215691e-49
-4.31365352e-49
-4.26515112e-49
-4.21664971e-49
-4.16815027e-49
-4.11965181e-49
-4.07115434e-49
-4.02265884e-49
-3.97416432e-49
-3.92567079e-49
-3.87717824e-49
-3.82868767e-49
-3.78019808e-49
-3.73170948e-49
-3.68322186e-49
-3.63473621e-49
-3.58625155e-49
-3.53776788e-49
-3.48928617e-49
-3.44080545e-49
-3.39232572e-49
-3.34384796e-49
-3.29537019e-49
-3.24689440e-49
-3.19842058e-49
-3.14994676e-49
-3.10147491e-49
-3.05300405e-49
-3.00453515e-49
-2.95606725e-49
-2.90760032e-49
-2.85913439e-49
-2.81066943e-49
-2.76220645e-49
-2.71374446e-49
-2.66528443e-49
-2.61682540e-49
-2.56836734e-49
-2.51991028e-49
-2.47145419e-49
-2.42300008e-49
-2.37454696e-49
-2.32609580e-49
-2.27764465e-49
-2.22919546e-49
-2.18074825e-49
-2.13230104e-49
-2.08385580e-49
-2.03541154e-49
-1.98696827e-49
-1.93852697e-49
-1.89008665e-49
-1.84164732e-49
-1.79320997e-49
-1.74477261e-49
-1.69633821e-49
-1.64790381e-49
-1.59947137e-49
-1.55103894e-49
-1.50260947e-49
-1.45418000e-49
-1.40575249e-49
-1.35732597e-49
-1.30890044e-49
-1.26047688e-49
-1.21205431e-49
-1.16363271e-49
-1.11521211e-49
-1.06679348e-49
-1.01837583e-49
-9.69960150e-50
-9.21544473e-50
-8.73130766e-50
-8.24718045e-50
-7.76307295e-50
-7.27896545e-50
-6.79487766e-50
-6.31080958e-50
-5.82674150e-50
-5.34269312e-50
-4.85865461e-50
-4.37463580e-50
-3.89061699e-50
-3.40661790e-50
-2.92262865e-50
-2.43865912e-50
-1.95469944e-50
-1.47074962e-50
-9.86809648e-51
-5.02889388e-51
-1.89789839e-52
4.64921566e-51
9.48802406e-51
1.43267339e-50
1.91653452e-50
2.40038580e-50
2.88421736e-50
3.36803907e-50
3.85185093e-50
4.33565293e-50
4.81943522e-50
5.30320766e-50
5.78697024e-50
6.27071312e-50
6.75444614e-50
7.23816930e-50
7.72187275e-50
8.20557621e-50
8.68925995e-50
9.17292398e-50
9.65658802e-50
1.01402323e-49
1.06238668e-49
1.11074816e-49
1.15910865e-49
1.20746815e-49
1.25582667e-49
1.30418322e-49
1.35253977e-49
1.40089336e-49
1.44924695e-49
1.49759858e-49
1.54594921e-49
1.59429886e-49
1.64264654e-49
1.69099422e-49
1.73933993e-49
1.78768367e-49
1.83602642e-49
1.88436818e-49
1.93270897e-49
1.98104876e-49
2.02938659e-49
2.07772342e-49
2.12605829e-49
2.17439316e-49
2.22272606e-49
2.27105797e-49
2.31938791e-49
2.36771686e-49
2.41604483e-49
2.46437182e-49
2.51269683e-49
2.56102086e-49
2.60934390e-49
2.65766596e-49
2.70598604e-49
2.75430514e-49
2.80262227e-49
2.85093940e-49
2.89925456e-49
2.94756874e-49
2.99588094e-49
3.04419215e-49
3.09250238e-49
3.14081163e-49
3.18911989e-49
3.23742618e-49
3.28573050e-49
3.33403482e-49
3.38233716e-49
3.43063852e-49
3.47893890e-49
3.52723731e-49
3.57553571e-49
3.62383116e-49
3.67212661e-49
3.72042009e-49
3.76871258e-49
3.81700409e-49
3.86529461e-49
3.91358316e-49
3.96187072e-49
4.01015632e-49
4.05844191e-49
4.10672553e-49
4.15500719e-49
4.20328884e-49
4.25156852e-49
4.29984722e-49
4.34812394e-49
4.39640066e-49
4.44467542e-49
4.49294919e-49
4.54122098e-49
4.58949180e-49
4.63776162e-49
4.68603046e-49
4.73429733e-49
4.78256322e-49
4.83082812e-49
4.87909203e-49
4.92735397e-49
4.97561493e-49
5.02387490e-49
5.07213290e-49
5.12038992e-49
5.16864595e-49
5.21690000e-49
5.26515406e-49
5.31340615e-49
5.36165627e-49
5.40990638e-49
5.45815453e-49
5.50640169e-49
5.55464688e-49
5.60289207e-49
5.65113529e-49
5.69937653e-49
5.74761778e-49
5.79585706e-49
5.84409535e-49
5.89233167e-49
5.94056799e-49
5.98880234e-49
6.03703570e-49
6.08526709e-49
6.13349750e-49
6.18172692e-49
6.22995536e-49
6.27818182e-49
6.32640730e-49
6.37463180e-49
6.42285432e-49
6.47107586e-49
6.51929641e-49
6.56751598e-49
6.61573357e-49
6.66395019e-49
6.71216581e-49
6.76038045e-49
6.80859312e-49
6.85680480e-49
6.90501550e-49
6.95322423e-49
7.00143197e-49
7.04963872e-49
7.09784351e-49
7.14604829e-49
7.19425111e-49
7.24245198e-49
7.29065287e-49
7.33885189e-49
7.38705015e-49
7.43524702e-49
7.48344435e-49
7.53164407e-49
7.57985059e-49
7.62807348e-49
7.67633193e-49
7.72466821e-49
7.77316296e-49
7.82197361e-49
7.87139022e-49
7.92193313e-49
7.97450493e-49
8.03061753e-49
8.09272170e-49
8.16464348e-49
8.25215172e-49
8.36360656e-49
8.51067040e-49
8.70895787e-49
8.97844717e-49
9.34353817e-49
9.83246290e-49
1.04759134e-48
1.13048358e-48
1.23473155e-48
1.36248524e-48
1.51485179e-48
1.69153214e-48
1.89056429e-48
2.10821702e-48
2.33909923e-48
2.57645271e-48
2.81264782e-48
3.03980076e-48
3.25045892e-48
3.43821544e-48
3.59821495e-48
3.72748032e-48
3.82500071e-48
3.89162251e-48
3.92976656e-48
3.94301422e-48
3.93565723e-48
3.91224693e-48
3.87721288e-48
3.83456982e-48
3.78773592e-48
3.73944476e-48
3.69175072e-48
3.64607785e-48
3.60330337e-48
3.56384957e-48
3.52774930e-48
3.49469856e-48
3.46407954e-48
3.43498139e-48
3.40621945e-48
3.37638462e-48
3.34393637e-48
3.30733217e-48
3.26519865e-48
3.21650595e-48
3.16072991e-48
3.09794377e-48
3.02883688e-48
2.95462606e-48
2.87688693e-48
2.79731832e-48
2.71748840e-48
2.63859877e-48
2.56132320e-48
2.48573299e-48
2.41131675e-48
2.33710828e-48
2.26186201e-48
2.18427275e-48
2.10320628e-48
2.01788047e-48
1.92801352e-48
1.83389087e-48
1.73637292e-48
1.63682714e-48
1.53700466e-48
1.43886446e-48
1.34438488e-48
1.25536350e-48
1.17323933e-48
1.09894747e-48
1.03283996e-48
9.74666087e-49
9.23617625e-49
8.78443064e-49
8.37603148e-49
7.99454122e-49
7.62428490e-49
7.25196163e-49
6.86777911e-49
6.46598076e-49
6.04480074e-49
5.60584132e-49
5.15307809e-49
4.69165109e-49
4.22675769e-49
3.76275652e-49
3.30259703e-49
2.84777275e-49
2.39847108e-49
1.95420592e-49
1.51441018e-49
1.07912360e-49
6.49477151e-50
2.27930303e-50
-1.81849656e-50
-5.75369764e-50
-9.48027002e-50
-1.29586736e-49
-1.61643857e-49
-1.90936999e-49
-2.17669272e-49
-2.42270746e-49
-2.65346790e-49
-2.87592364e-49
-3.09690653e-49
-3.32210861e-49
-3.55528841e-49
-3.79782079e-49
-4.04868670e-49
-4.30482981e-49
-4.56182009e-49
-4.81467299e-49
-5.05860919e-49
-5.28966645e-49
-5.50504416e-49
-5.70318270e-49
-5.88356719e-49
-6.04637676e-49
-6.19206998e-49
-6.32097302e-49
-6.43298391e-49
-6.52742222e-49
-6.60305614e-49
-6.65827680e-49
-6.69140811e-49
-6.70109333e-49
-6.68669193e-49
-6.64863379e-49
-6.58866763e-49
-6.50995274e-49
-6.41697791e-49
-6.31529619e-49
-6.21108641e-49
-6.11061967e-49
-6.01962693e-49
-5.94272483e-49
-5.88289096e-49
-5.84111815e-49
-5.81626726e-49
-5.80515879e-49
-5.80289989e-49
-5.80341636e-49
-5.80012395e-49
-5.78665685e-49
-5.75755691e-49
-5.70883322e-49
-5.63831089e-49
-5.54574539e-49
-5.43265535e-49
-5.30196925e-49
-5.15749753e-49
-5.00334217e-49
-4.84333516e-49
-4.68061119e-49
-4.51730138e-49
-4.35444504e-49
-4.19205432e-49
-4.02929036e-49
-3.86472156e-49
-3.69657146e-49
-3.52293116e-49
-3.34189308e-49
-3.15164368e-49
-2.95050849e-49
-2.73697920e-49
-2.50979191e-49
-2.26803452e-49
-2.01130569e-49
-1.73987042e-49
-1.45482388e-49
-1.15817365e-49
-8.52790055e-50
-5.42299178e-50
-2.30777143e-50
7.75993219e-51
3.78935647e-50
6.69959428e-50
9.48363661e-50
1.21290003e-49
1.46344472e-49
1.70085731e-49
1.92678138e-49
2.14333264e-49
2.35283845e-49
2.55755020e-49
2.75946198e-49
2.96018147e-49
3.16090164e-49
3.36243393e-49
3.56530462e-49
3.76984561e-49
3.97629576e-49
4.18487007e-49
4.39581453e-49
4.60940668e-49
4.82595049e-49
5.04578085e-49
5.26925035e-49
5.49675006e-49
5.72873717e-49
5.96579007e-49
6.20863093e-49
6.45814403e-49
6.71538201e-49
6.98151087e-49
7.25774848e-49
7.54527772e-49
7.84518440e-49
8.15837692e-49
8.48554871e-49
8.82719234e-49
9.18360014e-49
9.55490577e-49
9.94111352e-49
1.03421495e-48
1.07578489e-48
1.11879472e-48
1.16320865e-48
1.20897674e-48
1.25603447e-48
1.30430226e-48
1.35369144e-48
1.40410677e-48
1.45545477e-48
1.50765107e-48
1.56063201e-48
1.61435757e-48
1.66882178e-48
1.72404713e-48
1.78009108e-48
1.83703587e-48
1.89498567e-48
1.95405332e-48
2.01435077e-48
2.07597726e-48
2.13901448e-48
2.20351719e-48
2.26951311e-48
2.33700466e-48
2.40598047e-48
2.47642151e-48
2.54831208e-48
2.62165386e-48
2.69646741e-48
2.77279400e-48
2.85068871e-48
2.93021527e-48
3.01142913e-48
3.09436628e-48
3.17904166e-48
3.26544451e-48
3.35354800e-48
3.44332200e-48
3.53475677e-48
3.62787498e-48
3.72274401e-48
3.81948589e-48
3.91826573e-48
4.01927883e-48
4.12272758e-48
4.22880498e-48
4.33766818e-48
4.44942444e-48
4.56413483e-48
4.68179836e-48
4.80238735e-48
4.92583375e-48
5.05206168e-48
5.18098812e-48
5.31253198e-48
5.44661374e-48
5.58316286e-48
5.72210733e-48
5.86337148e-48
6.00688469e-48
6.15257586e-48
6.30037940e-48
6.45025656e-48
6.60218471e-48
6.75618659e-48
6.91234016e-48
7.07076557e-48
7.23164894e-48
7.39522165e-48
7.56176253e-48
7.73157078e-48
7.90494715e-48
8.08216535e-48
8.26346212e-48
8.44898624e-48
8.63882483e-48
8.83295508e-48
9.03127809e-48
9.23361535e-48
9.43972759e-48
9.64935552e-48
9.86221026e-48
1.00780439e-47
1.02966198e-47
1.05177607e-47
1.07413367e-47
1.09672708e-47
1.11955292e-47
1.14261279e-47
1.16591049e-47
1.18945338e-47
1.21324820e-47
1.23730320e-47
1.26162772e-47
1.28622886e-47
1.31111479e-47
1.33629264e-47
1.36176836e-47
1.38754808e-47
1.41363633e-47
1.44003564e-47
1.46674849e-47
1.49377257e-47
1.52110675e-47
1.54874541e-47
1.57668062e-47
1.60490278e-47
1.63340122e-47
1.66216071e-47
1.69116558e-47
1.72039745e-47
1.74983543e-47
1.77945856e-47
1.80924485e-47
1.83917330e-47
1.86922506e-47
1.89938748e-47
1.92965451e-47
1.96002884e-47
1.99052541e-47
2.02117034e-47
2.05200129e-47
2.08306532e-47
2.11441809e-47
2.14611840e-47
2.17822396e-47
2.21078924e-47
2.24386002e-47
2.27747150e-47
2.31164677e-47
2.34639960e-47
2.38173477e-47
2.41765170e-47
2.45415198e-47
2.49123885e-47
2.52892601e-47
2.56724018e-47
2.60622238e-47
2.64592498e-47
2.68641882e-47
2.72778185e-47
2.77010270e-47
2.81347376e-47
2.85798761e-47
2.90373657e-47
2.95080743e-47
2.99927943e-47
3.04922703e-47
3.10071223e-47
3.15379030e-47
3.20851019e-47
3.26490766e-47
3.32301173e-47
3.38284426e-47
3.44441118e-47
3.50770898e-47
3.57271685e-47
3.63939290e-47
3.70767416e-47
3.77746827e-47
3.84865079e-47
3.92106031e-47
3.99450057e-47
4.06873500e-47
4.14348705e-47
4.21844664e-47
4.29326874e-47
4.36757913e-47
4.44097798e-47
4.51305011e-47
4.58336657e-47
4.65149127e-47
4.71699334e-47
4.77944316e-47
4.83843425e-47
4.89357613e-47
4.94451139e-47
4.99091738e-47
5.03251331e-47
5.06906434e-47
5.10038742e-47
5.12635017e-47
5.14687418e-47
5.16193013e-47
5.17153815e-47
5.17576180e-47
5.17470366e-47
5.16849901e-47
5.15730998e-47
5.14131990e-47
5.12072657e-47
5.09573769e-47
5.06656593e-47
5.03342548e-47
4.99652656e-47
4.95607461e-47
4.91226881e-47
4.86529858e-47
4.81534631e-47
4.76258887e-47
4.70719530e-47
4.64933709e-47
4.58918423e-47
4.52690705e-47
4.46268530e-47
4.39669955e-47
4.32913678e-47
4.26018131e-47
4.19002181e-47
4.11883960e-47
4.04680542e-47
3.97408601e-47
3.90083241e-47
3.82718711e-47
3.75327720e-47
3.67922631e-47
3.60514543e-47
3.53114180e-47
3.45731347e-47
3.38375384e-47
3.31054934e-47
3.23777969e-47
3.16551204e-47
3.09380454e-47
3.02270602e-47
2.95225081e-47
2.88247212e-47
2.81338846e-47
2.74502246e-47
2.67739065e-47
2.61051847e-47
2.54442623e-47
2.47914463e-47
2.41470311e-47
2.35113386e-47
2.28846997e-47
2.22673982e-47
2.16596972e-47
2.10618185e-47
2.04739537e-47
1.98962312e-47
1.93287709e-47
1.87716314e-47
1.82248957e-47
1.76885924e-47
1.71627525e-47
1.66473534e-47
1.61423945e-47
1.56478324e-47
1.51635864e-47
1.46896036e-47
1.42257934e-47
1.37720832e-47
1.33283749e-47
1.28946134e-47
1.24707326e-47
1.20566576e-47
1.16523561e-47
1.12577765e-47
1.08728891e-47
1.04976423e-47
1.01320143e-47
9.77595397e-48
9.42941406e-48
9.09231664e-48
8.76457142e-48
8.44606592e-48
8.13667115e-48
7.83622339e-48
7.54454590e-48
7.26145027e-48
6.98671490e-48
6.72012646e-48
6.46144521e-48
6.21040685e-48
5.96675535e-48
5.73021455e-48
5.50049630e-48
5.27733885e-48
5.06048513e-48
4.84971457e-48
4.64485369e-48
4.44577083e-48
4.25239107e-48
4.06468711e-48
3.88267187e-48
3.70637075e-48
3.53581414e-48
3.37101768e-48
3.21195595e-48
3.05856233e-48
2.91072166e-48
2.76827683e-48
2.63103005e-48
2.49876714e-48
2.37127478e-48
2.24835044e-48
2.12982611e-48
2.01557666e-48
1.90552743e-48
1.79964606e-48
1.69794189e-48
1.60045228e-48
1.50721936e-48
1.41827754e-48
1.33363321e-48
1.25325139e-48
1.17704066e-48
1.10485473e-48
1.03649505e-48
9.71714627e-49
9.10242236e-49
8.51791866e-49
7.96082323e-49
7.42862092e-49
6.91916888e-49
6.43080100e-49
5.96243047e-49
5.51345835e-49
5.08373963e-49
4.67346347e-49
4.28298563e-49
3.91271069e-49
3.56295735e-49
3.23387556e-49
2.92538284e-49
2.63719695e-49
2.36885167e-49
2.11981245e-49
1.88952177e-49
1.67750504e-49
1.48340669e-49
1.30705155e-49
1.14842142e-49
1.00763667e-49
8.84934513e-50
7.80597826e-50
6.94914634e-50
6.28112136e-50
5.80310019e-50
5.51448601e-50
5.41227442e-50
5.49040784e-50
5.73915479e-50
6.14470472e-50
6.68913873e-50
7.35080791e-50
8.10546541e-50
8.92804532e-50
9.79493155e-50
1.06868674e-49
1.15917977e-49
1.25075222e-49
1.34437988e-49
1.44234621e-49
1.54826187e-49
1.66700185e-49
1.80454002e-49
1.96777381e-49
2.16423649e-49
2.40179901e-49
2.68818936e-49
3.03044445e-49
3.43403632e-49
3.90190583e-49
4.43327103e-49
5.02244137e-49
5.65785413e-49
6.32144501e-49
6.98868094e-49
7.62933943e-49
8.20916241e-49
8.69216124e-49
9.04356882e-49
9.23291546e-49
9.23709972e-49
9.04287431e-49
8.64851795e-49
8.06449430e-49
7.31287703e-49
6.42564700e-49
5.44220456e-49
4.40602364e-49
3.36127484e-49
2.34940305e-49
1.40647261e-49
5.61015291e-50
-1.67038628e-50
-7.66405397e-50
-1.23386913e-49
-1.57290825e-49
-1.79204194e-49
-1.90308894e-49
-1.91953196e-49
-1.85521117e-49
-1.72338118e-49
-1.53615239e-49
-1.30425762e-49
-1.03705688e-49
-7.42650531e-50
-4.28057290e-50
-9.93237464e-51
2.38463611e-50
5.81337777e-50
9.26707522e-50
1.27378861e-49
1.62398422e-49
1.98128633e-49
2.35237088e-49
2.74640528e-49
3.17435454e-49
3.64784970e-49
4.17765420e-49
4.77197869e-49
5.43480488e-49
6.16461252e-49
6.95370152e-49
7.78836281e-49
8.64976016e-49
9.51554077e-49
1.03619482e-48
1.11659592e-48
1.19073091e-48
1.25700438e-48
1.31435183e-48
1.36226533e-48
1.40076594e-48
1.43033382e-48
1.45180915e-48
1.46629367e-48
1.47506512e-48
1.47951782e-48
1.48113107e-48
1.48146355e-48
1.48216115e-48
1.48496346e-48
1.49169485e-48
1.50422762e-48
1.52441633e-48
1.55400583e-48
1.59452829e-48
1.64720497e-48
1.71287591e-48
1.79195720e-48
1.88444769e-48
1.98994535e-48
2.10770237e-48
2.23665259e-48
2.37543940e-48
2.52240118e-48
2.67554751e-48
2.83252772e-48
2.99063426e-48
3.14683132e-48
3.29785721e-48
3.44038493e-48
3.57124764e-48
3.68767338e-48
3.78752524e-48
3.86950580e-48
3.93327605e-48
3.97949195e-48
4.00973852e-48
4.02637464e-48
4.03230137e-48
4.03069193e-48
4.02471179e-48
4.01726382e-48
4.01078750e-48
4.00713128e-48
4.00750729e-48
4.01252717e-48
4.02230515e-48
4.03661056e-48
4.05504319e-48
4.07720781e-48
4.10286324e-48
4.13202987e-48
4.16503788e-48
4.20251501e-48
4.24531863e-48
4.29441634e-48
4.35074091e-48
4.41503886e-48
4.48774604e-48
4.56890123e-48
4.65812613e-48
4.75466933e-48
4.85751745e-48
4.96553111e-48
5.07760988e-48
5.19280962e-48
5.31044546e-48
5.43010601e-48
5.55162857e-48
5.67501145e-48
5.80031514e-48
5.92756583e-48
6.05670368e-48
6.18754413e-48
6.31983536e-48
6.45328827e-48
6.58766854e-48
6.72284194e-48
6.85879662e-48
6.99562971e-48
7.13347389e-48
7.27240477e-48
7.41233197e-48
7.55291410e-48
7.69348832e-48
7.83305386e-48
7.97031433e-48
8.10374855e-48
8.23172922e-48
8.35265885e-48
8.46512460e-48
8.56803414e-48
8.66074742e-48
8.74319296e-48
8.81594491e-48
8.88027534e-48
8.93816266e-48
8.99225784e-48
9.04579111e-48
9.10243110e-48
9.16609262e-48
9.24071203e-48
9.32999236e-48
9.43716205e-48
9.56473152e-48
9.71431872e-48
9.88650376e-48
1.00807756e-47
1.02955293e-47
1.05281504e-47
1.07751621e-47
1.10324561e-47
1.12955457e-47
1.15598684e-47
1.18210889e-47
1.20754028e-47
1.23197592e-47
1.25520274e-47
1.27710873e-47
1.29767961e-47
1.31698866e-47
1.33518155e-47
1.35245344e-47
1.36903066e-47
1.38515227e-47
1.40105355e-47
1.41695873e-47
1.43307365e-47
1.44958478e-47
1.46665555e-47
1.48442703e-47
1.50301591e-47
1.52250892e-47
1.54296186e-47
1.56439425e-47
1.58678971e-47
1.61009296e-47
1.63421527e-47
1.65903957e-47
1.68442388e-47
1.71021226e-47
1.73624033e-47
1.76234260e-47
1.78836115e-47
1.81415114e-47
1.83958819e-47
1.86457789e-47
1.88906249e-47
1.91302962e-47
1.93651896e-47
1.95962880e-47
1.98251652e-47
2.00539721e-47
2.02853706e-47
2.05224456e-47
2.07685539e-47
2.10271579e-47
2.13016564e-47
2.15951729e-47
2.19103533e-47
2.22491993e-47
2.26128459e-47
2.30014639e-47
2.34141862e-47
2.38490597e-47
2.43032065e-47
2.47729887e-47
2.52543613e-47
2.57431732e-47
2.62356174e-47
2.67285850e-47
2.72198639e-47
2.77083375e-47
2.81939077e-47
2.86773792e-47
2.91601177e-47
2.96437925e-47
3.01300729e-47
3.06203328e-47
3.11155910e-47
3.16164430e-47
3.21231918e-47
3.26359156e-47
3.31546998e-47
3.36797182e-47
3.42113586e-47
3.47502083e-47
3.52970260e-47
3.58526520e-47
3.64179527e-47
3.69937059e-47
3.75805451e-47
3.81789822e-47
3.87893190e-47
3.94117280e-47
4.00462612e-47
4.06927672e-47
4.13509579e-47
4.20204011e-47
4.27004456e-47
4.33903631e-47
4.40893831e-47
4.47968295e-47
4.55123342e-47
4.62359672e-47
4.69683964e-47
4.77109517e-47
4.84656605e-47
4.92350885e-47
5.00221302e-47
5.08297807e-47
5.16607794e-47
5.25173313e-47
5.34008503e-47
5.43118643e-47
5.52499190e-47
5.62136433e-47
5.72009776e-47
5.82093600e-47
5.92360399e-47
6.02783665e-47
6.13341494e-47
6.24018435e-47
6.34807270e-47
6.45710608e-47
6.56740154e-47
6.67915896e-47
6.79263980e-47
6.90814885e-47
7.02599837e-47
7.14647876e-47
7.26984250e-47
7.39626582e-47
7.52585055e-47
7.65861959e-47
7.79450272e-47
7.93336191e-47
8.07500581e-47
8.21918893e-47
8.36565063e-47
8.51412182e-47
8.66434232e-47
8.81608645e-47
8.96916789e-47
9.12345464e-47
9.27887494e-47
9.43543290e-47
9.59319758e-47
9.75231695e-47
9.91298722e-47
1.00754634e-46
1.02400251e-46
1.04069713e-46
1.05765728e-46
1.07490670e-46
1.09246364e-46
1.11033677e-46
1.12852661e-46
1.14702340e-46
1.16580965e-46
1.18485903e-46
1.20414112e-46
1.22362439e-46
1.24327700e-46
1.26307270e-46
1.28299135e-46
1.30302271e-46
1.32316425e-46
1.34342314e-46
1.36381489e-46
1.38435846e-46
1.40507661e-46
1.42599157e-46
1.44712281e-46
1.46848693e-46
1.49009581e-46
1.51195696e-46
1.53407630e-46
1.55645571e-46
1.57909920e-46
1.60200842e-46
1.62518678e-46
1.64863429e-46
1.67235148e-46
1.69633236e-46
1.72056680e-46
1.74503744e-46
1.76971935e-46
1.79458210e-46
1.81958963e-46
1.84470287e-46
1.86988178e-46
1.89508957e-46
1.92029298e-46
1.94546678e-46
1.97059118e-46
1.99565569e-46
2.02065590e-46
2.04559480e-46
2.07047757e-46
2.09531306e-46
2.12011259e-46
2.14488623e-46
2.16964654e-46
2.19440671e-46
2.21918423e-46
2.24399827e-46
2.26887339e-46
2.29383936e-46
2.31892693e-46
2.34416954e-46
2.36959882e-46
2.39524210e-46
2.42112204e-46
2.44725400e-46
2.47364621e-46
2.50030291e-46
2.52722526e-46
2.55441507e-46
2.58187750e-46
2.60962571e-46
2.63768116e-46
2.66607515e-46
2.69484811e-46
2.72405037e-46
2.75373814e-46
2.78397465e-46
2.81482387e-46
2.84635325e-46
2.87862907e-46
2.91171790e-46
2.94568372e-46
2.98058765e-46
3.01648641e-46
3.05343462e-46
3.09147799e-46
3.13066143e-46
3.17102007e-46
3.21258569e-46
3.25538370e-46
3.29943346e-46
3.34475161e-46
3.39135005e-46
3.43923755e-46
3.48841942e-46
3.53890148e-46
3.59068797e-46
3.64378246e-46
3.69819251e-46
3.75392759e-46
3.81100137e-46
3.86943137e-46
3.92924292e-46
3.99046516e-46
4.05312961e-46
4.11727331e-46
4.18292649e-46
4.25011688e-46
4.31886460e-46
4.38917522e-46
4.46103729e-46
4.53441902e-46
4.60926408e-46
4.68549467e-46
4.76300616e-46
4.84166730e-46
4.92132632e-46
5.00180775e-46
5.08291440e-46
5.16443445e-46
5.24613797e-46
5.32777968e-46
5.40909778e-46
5.48982082e-46
5.56965412e-46
5.64829872e-46
5.72543396e-46
5.80073315e-46
5.87386062e-46
5.94447713e-46
6.01225067e-46
6.07685914e-46
6.13799925e-46
6.19539239e-46
6.24879428e-46
6.29799559e-46
6.34282497e-46
6.38315268e-46
6.41888652e-46
6.44997053e-46
6.47638108e-46
6.49812496e-46
6.51523386e-46
6.52776182e-46
6.53578388e-46
6.53939376e-46
6.53870377e-46
6.53384495e-46
6.52496695e-46
6.51223779e-46
6.49584317e-46
6.47598267e-46
6.45286925e-46
6.42671950e-46
6.39775284e-46
6.36618111e-46
6.33220433e-46
6.29600478e-46
6.25774369e-46
6.21755666e-46
6.17555571e-46
6.13183136e-46
6.08645328e-46
6.03947773e-46
5.99095295e-46
5.94092019e-46
5.88942652e-46
5.83651648e-46
5.78224457e-46
5.72667141e-46
5.66986142e-46
5.61187927e-46
5.55279437e-46
5.49266944e-46
5.43156282e-46
5.36952684e-46
5.30660340e-46
5.24282853e-46
5.17823319e-46
5.11284772e-46
5.04670150e-46
4.97983085e-46
4.91228261e-46
4.84411235e-46
4.77538965e-46
4.70619620e-46
4.63662520e-46
4.56677354e-46
4.49674198e-46
4.42663074e-46
4.35652949e-46
4.28652595e-46
4.21668755e-46
4.14707689e-46
4.07774015e-46
4.00871415e-46
3.94002637e-46
3.87169815e-46
3.80374195e-46
3.73616856e-46
3.66898118e-46
3.60218641e-46
3.53578536e-46
3.46978175e-46
3.40417737e-46
3.33897729e-46
3.27418943e-46
3.20982660e-46
3.14590295e-46
3.08243806e-46
3.01945544e-46
2.95698330e-46
2.89504991e-46
2.83368679e-46
2.77292792e-46
2.71280519e-46
2.65335185e-46
2.59460073e-46
2.53658525e-46
2.47933543e-46
2.42288238e-46
2.36725186e-46
2.31247184e-46
2.25856352e-46
2.20554644e-46
2.15343219e-46
2.10223199e-46
2.05195002e-46
2.00258418e-46
1.95413310e-46
1.90658978e-46
1.85994669e-46
1.81419648e-46
1.76932951e-46
1.72533696e-46
1.68221061e-46
1.63993979e-46
1.59851374e-46
1.55792033e-46
1.51814665e-46
1.47917642e-46
1.44099268e-46
1.40357801e-46
1.36691194e-46
1.33097693e-46
1.29575437e-46
1.26122524e-46
1.22737496e-46
1.19418914e-46
1.16165369e-46
1.12975875e-46
1.09849347e-46
1.06784851e-46
1.03781578e-46
1.00838670e-46
9.79554504e-47
9.51314222e-47
9.23663876e-47
8.96603214e-47
8.70135598e-47
8.44267591e-47
8.19006495e-47
7.94360869e-47
7.70339184e-47
7.46946643e-47
7.24187817e-47
7.02063122e-47
6.80568816e-47
6.59699812e-47
6.39446621e-47
6.19797645e-47
6.00736970e-47
5.82247019e-47
5.64305857e-47
5.46887268e-47
5.29963282e-47
5.13502341e-47
4.97472015e-47
4.81840549e-47
4.66577648e-47
4.51657214e-47
4.37058774e-47
4.22767583e-47
4.08776107e-47
3.95083738e-47
3.81696702e-47
3.68626516e-47
3.55889950e-47
3.43507690e-47
3.31503391e-47
3.19901565e-47
3.08727038e-47
2.98001982e-47
2.87745608e-47
2.77970562e-47
2.68682171e-47
2.59876108e-47
2.51538066e-47
2.43643351e-47
2.36157671e-47
2.29037980e-47
2.22235875e-47
2.15698669e-47
2.09373982e-47
2.03211621e-47
1.97166903e-47
1.91202912e-47
1.85291672e-47
1.79415206e-47
1.73565147e-47
1.67741695e-47
1.61951340e-47
1.56204867e-47
1.50514903e-47
1.44893391e-47
1.39350445e-47
1.33893563e-47
1.28527971e-47
1.23257268e-47
1.18085181e-47
1.13017027e-47
1.08060401e-47
1.03226499e-47
9.85286642e-48
9.39824606e-48
8.96032569e-48
8.54047631e-48
8.13971262e-48
7.75855428e-48
7.39690709e-48
7.05406084e-48
6.72867697e-48
6.41891665e-48
6.12251548e-48
5.83697909e-48
5.55975031e-48
5.28844146e-48
5.02104876e-48
4.75616570e-48
4.49313507e-48
4.23216819e-48
3.97435152e-48
3.72156160e-48
3.47625869e-48
3.24123345e-48
3.01929182e-48
2.81292511e-48
2.62405129e-48
2.45381271e-48
2.30247820e-48
2.16943161e-48
2.05326675e-48
1.95193159e-48
1.86289964e-48
1.78335781e-48
1.71036377e-48
1.64097155e-48
1.57230948e-48
1.50162783e-48
1.42631214e-48
1.34387599e-48
1.25196209e-48
1.14835188e-48
1.03100534e-48
8.98124746e-49
7.48268447e-49
5.80492644e-49
3.94505355e-49
1.90851217e-49
-2.89236916e-50
-2.62128263e-49
-5.04856531e-49
-7.51967993e-49
-9.97188758e-49
-1.23332217e-48
-1.45260420e-48
-1.64713912e-48
-1.80946442e-48
-1.93311204e-48
-2.01320875e-48
-2.04695688e-48
-2.03399236e-48
-1.97653329e-48
-1.87930273e-48
-1.74921165e-48
-1.59481231e-48
-1.42560056e-48
-1.25122035e-48
-1.08067591e-48
-9.21626162e-49
-7.79881596e-49
-6.59126410e-49
-5.60896325e-49
-4.84821392e-49
-4.29055128e-49
-3.90830004e-49
-3.67043573e-49
-3.54797991e-49
-3.51813103e-49
-3.56675506e-49
-3.68909537e-49
-3.88882261e-49
-4.17577675e-49
-4.56289483e-49
-5.06276993e-49
-5.68433676e-49
-6.43011498e-49
-7.29417417e-49
-8.26111030e-49
-9.30603114e-49
-1.03956399e-48
-1.14900646e-48
-1.25454062e-48
-1.35167517e-48
-1.43610144e-48
-1.50398383e-48
-1.55218859e-48
-1.57844995e-48
-1.58148800e-48
-1.56105261e-48
-1.51791928e-48
-1.45383165e-48
-1.37139927e-48
-1.27394708e-48
-1.16530534e-48
-1.04956169e-48
-9.30768380e-49
-8.12618249e-49
-6.98157343e-49
-5.89508306e-49
-4.87686993e-49
-3.92533827e-49
-3.02731669e-49
-2.15962871e-49
-1.29145789e-49
-3.87574685e-50
5.88071816e-50
1.66858744e-49
2.88043806e-49
4.24017513e-49
5.75150249e-49
7.40328729e-49
9.16832110e-49
1.10034004e-48
1.28508226e-48
1.46414561e-48
1.62995931e-48
1.77489667e-48
1.89200350e-48
1.97571475e-48
2.02254155e-48
2.03156729e-48
2.00469635e-48
1.94659710e-48
1.86431454e-48
1.76658215e-48
1.66294267e-48
1.56275057e-48
1.47424352e-48
1.40377324e-48
1.35533227e-48
1.33041206e-48
1.32820845e-48
1.34612475e-48
1.38048400e-48
1.42733061e-48
1.48320074e-48
1.54575656e-48
1.61418773e-48
1.68935210e-48
1.77361700e-48
1.87046647e-48
1.98389094e-48
2.11767675e-48
2.27465884e-48
2.45605923e-48
2.66099549e-48
2.88623258e-48
3.12624475e-48
3.37358028e-48
3.61945672e-48
3.85461715e-48
4.07021344e-48
4.25867216e-48
4.41441689e-48
4.53429700e-48
4.61777993e-48
4.66677887e-48
4.68527161e-48
4.67871334e-48
4.65337162e-48
4.61565557e-48
4.57152206e-48
4.52598747e-48
4.48277397e-48
4.44408326e-48
4.41047442e-48
4.38082984e-48
4.35239521e-48
4.32088747e-48
4.28068559e-48
4.22510739e-48
4.14680469e-48
4.03825627e-48
3.89237558e-48
3.70316625e-48
3.46640225e-48
3.18023348e-48
2.84565464e-48
2.46672674e-48
2.05056896e-48
1.60704052e-48
1.14817571e-48
6.87377841e-49
2.38558503e-49
-1.84767048e-49
-5.70333518e-49
-9.07773317e-49
-1.18910717e-48
-1.40905120e-48
-1.56507187e-48
-1.65734583e-48
-1.68852668e-48
-1.66339335e-48
-1.58839923e-48
-1.47111799e-48
-1.31961789e-48
-1.14185564e-48
-9.45101987e-49
-7.35535837e-49
-5.18110525e-49
-2.96654983e-49
-7.43167319e-50
1.45823617e-49
3.60001722e-49
5.63180320e-49
7.48712868e-49
9.08408843e-49
1.03313406e-48
1.11379729e-48
1.14264181e-48
1.11456317e-48
1.02822975e-48
8.86755057e-49
6.97774743e-49
4.72916414e-49
2.26724371e-49
-2.47697740e-50
-2.65630437e-49
-4.81469511e-49
-6.60631563e-49
-7.94964964e-49
-8.80158080e-49
-9.15638903e-49
-9.04157012e-49
-8.51126184e-49
-7.63848136e-49
-6.50710628e-49
-5.20422748e-49
-3.81363484e-49
-2.41056395e-49
-1.05800281e-49
1.95581020e-50
1.31669145e-49
2.28644735e-49
3.09863340e-49
3.75749128e-49
4.27489158e-49
4.66758857e-49
4.95474307e-49
5.15583699e-49
5.28917449e-49
5.37091931e-49
5.41462779e-49
5.43115573e-49
5.42884496e-49
5.41386244e-49
5.39060346e-49
5.36209356e-49
5.33034727e-49
5.29666141e-49
5.26184573e-49
5.22639017e-49
5.19058302e-49
5.15458729e-49
5.11849430e-49
5.08235114e-49
5.04618473e-49
5.01000792e-49
4.97382553e-49
4.93764213e-49
4.90145837e-49
4.86527489e-49
4.82909274e-49
4.79291128e-49
4.75673056e-49
4.72055136e-49
4.68437216e-49
4.64819449e-49
4.61201837e-49
4.57584224e-49
4.53966766e-49
4.50349384e-49
4.46732157e-49
4.43115006e-49
4.39497933e-49
4.35880937e-49
