# BBCEAS Wavelength Calibration Result
# Generated: 20260619
# Info: Average FWHM: 0.681 nm (calculated from 4 peaks)
400.041573
400.091149
400.140723
400.190296
400.239868
400.289438
400.339007
400.388575
400.438141
400.487707
400.537271
400.586833
400.636395
400.685955
400.735514
400.785072
400.834628
400.884183
400.933737
400.983290
401.032841
401.082391
401.131940
401.181487
401.231033
401.280578
401.330122
401.379665
401.429206
401.478746
401.528284
401.577822
401.627358
401.676892
401.726426
401.775958
401.825489
401.875019
401.924547
401.974075
402.023600
402.073125
402.122648
402.172171
402.221691
402.271211
402.320729
402.370246
402.419762
402.469276
402.518790
402.568302
402.617812
402.667322
402.716830
402.766337
402.815842
402.865347
402.914850
402.964351
403.013852
403.063351
403.112849
403.162346
403.211841
403.261335
403.310828
403.360320
403.409810
403.459299
403.508787
403.558274
403.607759
403.657243
403.706726
403.756207
403.805687
403.855166
403.904644
403.954120
404.003595
404.053069
404.102542
404.152013
404.201483
404.250952
404.300419
404.349885
404.399350
404.448814
404.498276
404.547738
404.597197
404.646656
404.696113
404.745569
404.795024
404.844478
404.893930
404.943381
404.992831
405.042279
405.091726
405.141172
405.190617
405.240060
405.289502
405.338943
405.388382
405.437821
405.487258
405.536693
405.586128
405.635561
405.684993
405.734424
405.783853
405.833281
405.882708
405.932134
405.981558
406.030981
406.080403
406.129823
406.179242
406.228660
406.278077
406.327492
406.376906
406.426319
406.475731
406.525141
406.574550
406.623958
406.673365
406.722770
406.772174
406.821577
406.870978
406.920378
406.969777
407.019175
407.068571
407.117966
407.167360
407.216752
407.266144
407.315534
407.364922
407.414310
407.463696
407.513081
407.562465
407.611847
407.661228
407.710608
407.759987
407.809364
407.858740
407.908115
407.957488
408.006860
408.056231
408.105601
408.154969
408.204337
408.253702
408.303067
408.352430
408.401792
408.451153
408.500513
408.549871
408.599228
408.648584
408.697938
408.747291
408.796643
408.845994
408.895343
408.944691
408.994038
409.043384
409.092728
409.142071
409.191413
409.240753
409.290092
409.339430
409.388767
409.438102
409.487436
409.536769
409.586101
409.635431
409.684760
409.734088
409.783414
409.832740
409.882064
409.931386
409.980708
410.030028
410.079347
410.128664
410.177981
410.227296
410.276609
410.325922
410.375233
410.424543
410.473852
410.523159
410.572466
410.621770
410.671074
410.720376
410.769678
410.818977
410.868276
410.917573
410.966869
411.016164
411.065457
411.114750
411.164041
411.213330
411.262619
411.311906
411.361192
411.410476
411.459759
411.509042
411.558322
411.607602
411.656880
411.706157
411.755433
411.804707
411.853980
411.903252
411.952523
412.001792
412.051060
412.100327
412.149592
412.198857
412.248120
412.297381
412.346642
412.395901
412.445159
412.494416
412.543671
412.592925
412.642178
412.691429
412.740680
412.789929
412.839176
412.888423
412.937668
412.986912
413.036155
413.085396
413.134636
413.183875
413.233113
413.282349
413.331584
413.380818
413.430050
413.479282
413.528512
413.577740
413.626968
413.676194
413.725419
413.774642
413.823865
413.873086
413.922306
413.971524
414.020741
414.069957
414.119172
414.168385
414.217598
414.266809
414.316018
414.365227
414.414434
414.463640
414.512844
414.562047
414.611249
414.660450
414.709650
414.758848
414.808045
414.857240
414.906435
414.955628
415.004820
415.054010
415.103200
415.152388
415.201575
415.250760
415.299944
415.349127
415.398309
415.447489
415.496669
415.545846
415.595023
415.644198
415.693372
415.742545
415.791717
415.840887
415.890056
415.939224
415.988390
416.037555
416.086719
416.135882
416.185043
416.234203
416.283362
416.332520
416.381676
416.430831
416.479985
416.529137
416.578289
416.627439
416.676587
416.725735
416.774881
416.824026
416.873169
416.922312
416.971453
417.020592
417.069731
417.118868
417.168004
417.217139
417.266272
417.315404
417.364535
417.413665
417.462793
417.511920
417.561046
417.610171
417.659294
417.708416
417.757537
417.806656
417.855774
417.904891
417.954007
418.003121
418.052234
418.101346
418.150457
418.199566
418.248674
418.297781
418.346886
418.395991
418.445094
418.494195
418.543296
418.592395
418.641493
418.690589
418.739685
418.788779
418.837871
418.886963
418.936053
418.985142
419.034230
419.083316
419.132401
419.181485
419.230568
419.279649
419.328729
419.377808
419.426886
419.475962
419.525037
419.574111
419.623183
419.672254
419.721324
419.770393
419.819460
419.868527
419.917591
419.966655
420.015717
420.064778
420.113838
420.162897
420.211954
420.261010
420.310064
420.359118
420.408170
420.457221
420.506270
420.555319
420.604366
420.653412
420.702456
420.751499
420.800541
420.849582
420.898622
420.947660
420.996697
421.045732
421.094767
421.143800
421.192831
421.241862
421.290891
421.339919
421.388946
421.437972
421.486996
421.536019
421.585040
421.634061
421.683080
421.732098
421.781114
421.830130
421.879144
421.928156
421.977168
422.026178
422.075187
422.124195
422.173201
422.222206
422.271210
422.320213
422.369214
422.418214
422.467213
422.516210
422.565207
422.614202
422.663195
422.712188
422.761179
422.810169
422.859158
422.908145
422.957131
423.006116
423.055099
423.104082
423.153063
423.202042
423.251021
423.299998
423.348974
423.397949
423.446922
423.495894
423.544865
423.593835
423.642803
423.691770
423.740736
423.789700
423.838664
423.887626
423.936586
423.985546
424.034504
424.083461
424.132416
424.181371
424.230324
424.279275
424.328226
424.377175
424.426123
424.475070
424.524015
424.572960
424.621902
424.670844
424.719784
424.768724
424.817661
424.866598
424.915533
424.964467
425.013400
425.062332
425.111262
425.160191
425.209118
425.258045
425.306970
425.355894
425.404816
425.453738
425.502658
425.551576
425.600494
425.649410
425.698325
425.747239
425.796151
425.845062
425.893972
425.942881
425.991788
426.040694
426.089599
426.138503
426.187405
426.236306
426.285206
426.334104
426.383001
426.431897
426.480792
426.529685
426.578577
426.627468
426.676358
426.725246
426.774133
426.823019
426.871903
426.920786
426.969668
427.018549
427.067428
427.116307
427.165183
427.214059
427.262933
427.311806
427.360678
427.409549
427.458418
427.507286
427.556153
427.605018
427.653882
427.702745
427.751607
427.800467
427.849326
427.898184
427.947040
427.995896
428.044750
428.093602
428.142454
428.191304
428.240153
428.289001
428.337847
428.386692
428.435536
428.484379
428.533220
428.582060
428.630899
428.679736
428.728572
428.777407
428.826241
428.875073
428.923905
428.972734
429.021563
429.070390
429.119216
429.168041
429.216865
429.265687
429.314508
429.363328
429.412146
429.460963
429.509779
429.558594
429.607407
429.656219
429.705030
429.753839
429.802648
429.851455
429.900260
429.949065
429.997868
430.046670
430.095471
430.144270
430.193068
430.241865
430.290661
430.339455
430.388248
430.437040
430.485830
430.534619
430.583407
430.632194
430.680979
430.729764
430.778546
430.827328
430.876108
430.924887
430.973665
431.022442
431.071217
431.119991
431.168764
431.217535
431.266305
431.315074
431.363842
431.412608
431.461373
431.510137
431.558900
431.607661
431.656421
431.705180
431.753937
431.802693
431.851448
431.900202
431.948954
431.997705
432.046455
432.095204
432.143951
432.192697
432.241442
432.290185
432.338928
432.387669
432.436408
432.485147
432.533884
432.582620
432.631354
432.680088
432.728820
432.777550
432.826280
432.875008
432.923735
432.972461
433.021185
433.069909
433.118630
433.167351
433.216070
433.264789
433.313505
433.362221
433.410935
433.459648
433.508360
433.557070
433.605780
433.654488
433.703194
433.751900
433.800604
433.849307
433.898008
433.946708
433.995407
434.044105
434.092802
434.141497
434.190191
434.238884
434.287575
434.336265
434.384954
434.433642
434.482328
434.531013
434.579697
434.628379
434.677061
434.725741
434.774419
434.823097
434.871773
434.920448
434.969122
435.017794
435.066465
435.115135
435.163803
435.212471
435.261137
435.309801
435.358465
435.407127
435.455788
435.504448
435.553106
435.601763
435.650419
435.699074
435.747727
435.796379
435.845030
435.893679
435.942328
435.990974
436.039620
436.088265
436.136908
436.185550
436.234190
436.282830
436.331468
436.380104
436.428740
436.477374
436.526007
436.574639
436.623269
436.671899
436.720526
436.769153
436.817779
436.866403
436.915025
436.963647
437.012267
437.060886
437.109504
437.158121
437.206736
437.255350
437.303962
437.352574
437.401184
437.449793
437.498400
437.547007
437.595612
437.644215
437.692818
437.741419
437.790019
437.838618
437.887215
437.935811
437.984406
438.033000
438.081592
438.130183
438.178773
438.227362
438.275949
438.324535
438.373120
438.421703
438.470285
438.518866
438.567446
438.616024
438.664601
438.713177
438.761752
438.810325
438.858897
438.907468
438.956037
439.004606
439.053172
439.101738
439.150303
439.198866
439.247428
439.295988
439.344547
439.393106
439.441662
439.490218
439.538772
439.587325
439.635877
439.684427
439.732976
439.781524
439.830071
439.878616
439.927160
439.975703
440.024245
440.072785
440.121324
440.169862
440.218398
440.266933
440.315467
440.364000
440.412531
440.461061
440.509590
440.558118
440.606644
440.655169
440.703693
440.752215
440.800737
440.849256
440.897775
440.946293
440.994809
441.043324
441.091837
441.140349
441.188861
441.237370
441.285879
441.334386
441.382892
441.431397
441.479900
441.528402
441.576903
441.625403
441.673901
441.722398
441.770894
441.819389
441.867882
441.916374
441.964865
442.013354
442.061842
442.110329
442.158815
442.207299
442.255782
442.304264
442.352745
442.401224
442.449702
442.498179
442.546654
442.595129
442.643602
442.692073
442.740544
442.789013
442.837481
442.885947
442.934413
442.982877
443.031339
443.079801
443.128261
443.176720
443.225178
443.273634
443.322090
443.370543
443.418996
443.467447
443.515898
443.564346
443.612794
443.661240
443.709685
443.758129
443.806571
443.855013
443.903452
443.951891
444.000329
444.048765
444.097200
444.145633
444.194065
444.242496
444.290926
444.339355
444.387782
444.436208
444.484633
444.533056
444.581478
444.629899
444.678319
444.726737
444.775154
444.823570
444.871984
444.920398
444.968810
445.017220
445.065630
445.114038
445.162445
445.210850
445.259255
445.307658
445.356060
445.404460
445.452860
445.501258
445.549654
445.598050
445.646444
445.694837
445.743229
445.791619
445.840008
445.888396
445.936782
445.985168
446.033552
446.081935
446.130316
446.178696
446.227075
446.275453
446.323829
446.372205
446.420578
446.468951
446.517322
446.565692
446.614061
446.662429
446.710795
446.759160
446.807524
446.855886
446.904247
446.952607
447.000966
447.049323
447.097679
447.146034
447.194388
447.242740
447.291091
447.339441
447.387789
447.436137
447.484482
447.532827
447.581171
447.629513
447.677853
447.726193
447.774531
447.822868
447.871204
447.919539
447.967872
448.016204
448.064535
448.112864
448.161192
448.209519
448.257845
448.306169
448.354492
448.402814
448.451134
448.499454
448.547772
448.596088
448.644404
448.692718
448.741031
448.789343
448.837653
448.885962
448.934270
448.982576
449.030882
449.079186
449.127489
449.175790
449.224090
449.272389
449.320687
449.368983
449.417278
449.465572
449.513865
449.562156
449.610446
449.658735
449.707022
449.755309
449.803594
449.851877
449.900160
449.948441
449.996721
450.044999
450.093277
450.141553
450.189828
450.238101
450.286374
450.334645
450.382914
450.431183
450.479450
450.527716
450.575980
450.624244
450.672506
450.720767
450.769026
450.817285
450.865542
450.913797
450.962052
451.010305
451.058557
451.106808
451.155057
451.203305
451.251552
451.299798
451.348042
451.396285
451.444527
451.492767
451.541007
451.589245
451.637481
451.685717
451.733951
451.782184
451.830415
451.878646
451.926875
451.975103
452.023329
452.071554
452.119778
452.168001
452.216223
452.264443
452.312662
452.360879
452.409096
452.457311
452.505525
452.553737
452.601949
452.650159
452.698367
452.746575
452.794781
452.842986
452.891190
452.939392
452.987593
453.035793
453.083992
453.132189
453.180385
453.228580
453.276773
453.324966
453.373157
453.421346
453.469535
453.517722
453.565908
453.614093
453.662276
453.710458
453.758639
453.806818
453.854997
453.903174
453.951349
453.999524
454.047697
454.095869
454.144040
454.192209
454.240377
454.288544
454.336709
454.384874
454.433037
454.481199
454.529359
454.577518
454.625676
454.673833
454.721988
454.770143
454.818295
454.866447
454.914597
454.962746
455.010894
455.059041
455.107186
455.155330
455.203473
455.251614
455.299754
455.347893
455.396031
455.444167
455.492302
455.540436
455.588569
455.636700
455.684830
455.732959
455.781086
455.829212
455.877337
455.925461
455.973583
456.021704
456.069824
456.117943
456.166060
456.214176
456.262291
456.310404
456.358517
456.406628
456.454737
456.502846
456.550953
456.599059
456.647163
456.695267
456.743369
456.791470
456.839569
456.887667
456.935764
456.983860
457.031954
457.080048
457.128140
457.176230
457.224320
457.272408
457.320494
457.368580
457.416664
457.464747
457.512829
457.560910
457.608989
457.657067
457.705143
457.753219
457.801293
457.849366
457.897437
457.945508
457.993577
458.041644
458.089711
458.137776
458.185840
458.233903
458.281964
458.330024
458.378083
458.426141
458.474197
458.522252
458.570306
458.618359
458.666410
458.714460
458.762509
458.810556
458.858602
458.906647
458.954691
459.002733
459.050774
459.098814
459.146853
459.194890
459.242926
459.290961
459.338994
459.387026
459.435057
459.483087
459.531115
459.579143
459.627168
459.675193
459.723216
459.771238
459.819259
459.867279
459.915297
459.963314
460.011330
460.059344
460.107357
460.155369
460.203380
460.251389
460.299397
460.347404
460.395409
460.443414
460.491417
460.539418
460.587419
460.635418
460.683416
460.731413
460.779408
460.827402
460.875395
460.923386
460.971377
461.019366
461.067353
461.115340
461.163325
461.211309
461.259292
461.307273
461.355253
461.403232
461.451210
461.499186
461.547161
461.595135
461.643107
461.691079
461.739049
461.787017
461.834985
461.882951
461.930916
461.978879
462.026842
462.074803
462.122763
462.170721
462.218678
462.266634
462.314589
462.362543
462.410495
462.458446
462.506395
462.554344
462.602291
462.650237
462.698181
462.746125
462.794067
462.842007
462.889947
462.937885
462.985822
463.033758
463.081692
463.129625
463.177557
463.225488
463.273417
463.321345
463.369272
463.417197
463.465122
463.513045
463.560966
463.608887
463.656806
463.704724
463.752640
463.800556
463.848470
463.896383
463.944294
463.992205
464.040114
464.088021
464.135928
464.183833
464.231737
464.279639
464.327541
464.375441
464.423340
464.471237
464.519134
464.567029
464.614922
464.662815
464.710706
464.758596
464.806485
464.854372
464.902258
464.950143
464.998027
465.045909
465.093790
465.141670
465.189549
465.237426
465.285302
465.333176
465.381050
465.428922
465.476793
465.524663
465.572531
465.620398
465.668264
465.716128
465.763992
465.811854
465.859714
465.907574
465.955432
466.003289
466.051145
466.098999
466.146852
466.194704
466.242555
466.290404
466.338252
466.386099
466.433944
466.481788
466.529631
466.577473
466.625314
466.673153
466.720991
466.768827
466.816662
466.864497
466.912329
466.960161
467.007991
467.055820
467.103648
467.151474
467.199299
467.247123
467.294946
467.342767
467.390587
467.438406
467.486224
467.534040
467.581855
467.629669
467.677481
467.725293
467.773102
467.820911
467.868718
467.916525
467.964329
468.012133
468.059935
468.107736
468.155536
468.203335
468.251132
468.298928
468.346723
468.394516
468.442308
468.490099
468.537889
468.585677
468.633464
468.681250
468.729034
468.776818
468.824600
468.872380
468.920160
468.967938
469.015715
469.063490
469.111265
469.159038
469.206810
469.254580
469.302350
469.350118
469.397884
469.445650
469.493414
469.541177
469.588939
469.636699
469.684458
469.732216
469.779973
469.827728
469.875482
469.923235
469.970986
470.018736
470.066485
470.114233
470.161980
470.209725
470.257469
470.305211
470.352953
470.400693
470.448431
470.496169
470.543905
470.591640
470.639374
470.687106
470.734838
470.782567
470.830296
470.878023
470.925750
470.973474
471.021198
471.068920
471.116641
471.164361
471.212080
471.259797
471.307513
471.355227
471.402941
471.450653
471.498364
471.546073
471.593782
471.641489
471.689194
471.736899
471.784602
471.832304
471.880005
471.927704
471.975402
472.023099
472.070795
472.118489
472.166182
472.213874
472.261565
472.309254
472.356942
472.404629
472.452314
472.499998
472.547681
472.595363
472.643043
472.690722
472.738400
472.786077
472.833752
472.881426
472.929099
472.976770
473.024441
473.072110
473.119777
473.167444
473.215109
473.262773
473.310435
473.358097
473.405757
473.453415
473.501073
473.548729
473.596384
473.644038
473.691690
473.739341
473.786991
473.834640
473.882287
473.929933
473.977578
474.025222
474.072864
474.120505
474.168145
474.215783
474.263420
474.311056
474.358691
474.406324
474.453956
474.501587
474.549217
474.596845
474.644472
474.692098
474.739722
474.787346
474.834968
474.882588
474.930208
474.977826
475.025443
475.073058
475.120673
475.168286
475.215897
475.263508
475.311117
475.358725
475.406332
475.453937
475.501541
475.549144
475.596746
475.644346
475.691945
475.739543
475.787140
475.834735
475.882329
475.929922
475.977513
476.025103
476.072692
476.120280
476.167866
476.215452
476.263035
476.310618
476.358199
476.405779
476.453358
476.500936
476.548512
476.596087
476.643660
476.691233
476.738804
476.786374
476.833942
476.881510
476.929076
476.976641
477.024204
477.071766
477.119327
477.166887
477.214446
477.262003
477.309559
477.357113
477.404667
477.452219
477.499769
477.547319
477.594867
477.642414
477.689960
477.737505
477.785048
477.832590
477.880130
477.927670
477.975208
478.022745
478.070280
478.117815
478.165348
478.212879
478.260410
478.307939
478.355467
478.402994
478.450519
478.498043
478.545566
478.593088
478.640608
478.688127
478.735645
478.783161
478.830677
478.878191
478.925703
478.973215
479.020725
479.068234
479.115742
479.163248
479.210753
479.258257
479.305759
479.353261
479.400761
479.448259
479.495757
479.543253
479.590748
479.638242
479.685734
479.733225
479.780715
479.828204
479.875691
479.923177
479.970662
480.018145
480.065628
480.113109
480.160588
480.208067
480.255544
480.303020
480.350494
480.397968
480.445440
480.492910
480.540380
480.587848
480.635315
480.682781
480.730245
480.777709
480.825171
480.872631
480.920091
480.967549
481.015005
481.062461
481.109915
481.157368
481.204820
481.252271
481.299720
481.347168
481.394614
481.442060
481.489504
481.536947
481.584388
481.631829
481.679268
481.726705
481.774142
481.821577
481.869011
481.916444
481.963875
482.011305
482.058734
482.106162
482.153588
482.201013
482.248437
482.295860
482.343281
482.390701
482.438120
482.485537
482.532953
482.580368
482.627782
482.675194
482.722605
482.770015
482.817424
482.864831
482.912237
482.959642
483.007045
483.054448
483.101848
483.149248
483.196647
483.244044
483.291440
483.338834
483.386227
483.433619
483.481010
483.528400
483.575788
483.623175
483.670561
483.717945
483.765328
483.812710
483.860091
483.907470
483.954848
484.002225
484.049601
484.096975
484.144348
484.191720
484.239090
484.286459
484.333827
484.381194
484.428559
484.475923
484.523286
484.570648
484.618008
484.665367
484.712725
484.760081
484.807436
484.854790
484.902143
484.949494
484.996845
485.044193
485.091541
485.138887
485.186232
485.233576
485.280919
485.328260
485.375600
485.422939
485.470276
485.517612
485.564947
485.612281
485.659613
485.706944
485.754274
485.801603
485.848930
485.896256
485.943581
485.990904
486.038226
486.085547
486.132867
486.180185
486.227502
486.274818
486.322133
486.369446
486.416758
486.464069
486.511378
486.558687
486.605993
486.653299
486.700604
486.747907
486.795209
486.842509
486.889809
486.937107
486.984403
487.031699
487.078993
487.126286
487.173578
487.220868
487.268157
487.315445
487.362732
487.410017
487.457301
487.504584
487.551866
487.599146
487.646425
487.693703
487.740979
487.788254
487.835528
487.882801
487.930072
487.977343
488.024611
488.071879
488.119145
488.166410
488.213674
488.260937
488.308198
488.355458
488.402716
488.449974
488.497230
488.544485
488.591738
488.638991
488.686242
488.733492
488.780740
488.827987
488.875233
488.922478
488.969722
489.016964
489.064205
489.111444
489.158683
489.205920
489.253156
489.300390
489.347623
489.394855
489.442086
489.489316
489.536544
489.583771
489.630996
489.678221
489.725444
489.772666
489.819886
489.867106
489.914324
489.961540
490.008756
490.055970
490.103183
490.150395
490.197605
490.244814
490.292022
490.339229
490.386434
490.433638
490.480841
490.528043
490.575243
490.622442
490.669640
490.716836
490.764031
490.811225
490.858418
490.905609
490.952799
490.999988
491.047176
491.094362
491.141547
491.188731
491.235913
491.283094
491.330274
491.377453
491.424630
491.471806
491.518981
491.566155
491.613327
491.660498
491.707668
491.754836
491.802004
491.849170
491.896334
491.943498
491.990660
492.037821
492.084980
492.132139
492.179296
492.226452
492.273606
492.320759
492.367911
492.415062
492.462212
492.509360
492.556507
492.603652
492.650797
492.697940
492.745082
492.792222
492.839361
492.886500
492.933636
492.980772
493.027906
493.075039
493.122171
493.169301
493.216430
493.263558
493.310685
493.357810
493.404934
493.452057
493.499178
493.546298
493.593417
493.640535
493.687652
493.734767
493.781881
493.828993
493.876105
493.923215
493.970323
494.017431
494.064537
494.111642
494.158746
494.205848
494.252950
494.300049
494.347148
494.394246
494.441342
494.488436
494.535530
494.582622
494.629713
494.676803
494.723892
494.770979
494.818065
494.865149
494.912233
494.959315
495.006396
495.053475
495.100554
495.147631
495.194707
495.241781
495.288854
495.335926
495.382997
495.430066
495.477135
495.524201
495.571267
495.618331
495.665395
495.712456
495.759517
495.806576
495.853634
495.900691
495.947746
495.994801
496.041853
496.088905
496.135955
496.183005
496.230052
496.277099
496.324144
496.371188
496.418231
496.465273
496.512313
496.559352
496.606389
496.653426
496.700461
496.747495
496.794527
496.841559
496.888589
496.935618
496.982645
497.029671
497.076696
497.123720
497.170742
497.217764
497.264784
497.311802
497.358820
497.405836
497.452850
497.499864
497.546876
497.593887
497.640897
497.687905
497.734913
497.781919
497.828923
497.875927
497.922929
497.969930
498.016929
498.063927
498.110924
498.157920
498.204915
498.251908
498.298900
498.345891
498.392880
498.439868
498.486855
498.533841
498.580825
498.627808
498.674790
498.721770
498.768750
498.815728
498.862704
