# Generated by CAESAR Pro Ultimate
# Gas: CHOCHO
# Math: Dynamic-ILS-Applied
3.86981999e-20
3.85988902e-20
3.85473121e-20
3.85452540e-20
3.85930715e-20
3.86898467e-20
3.88336294e-20
3.90217354e-20
3.92510968e-20
3.95186671e-20
3.98217717e-20
4.01584760e-20
4.05278318e-20
4.09299143e-20
4.13657469e-20
4.18369180e-20
4.23450158e-20
4.28909633e-20
4.34742799e-20
4.40925157e-20
4.47409451e-20
4.54127015e-20
4.60992614e-20
4.67913427e-20
4.74800918e-20
4.81582403e-20
4.88211577e-20
4.94675418e-20
5.00996177e-20
5.07228703e-20
5.13452176e-20
5.19759608e-20
5.26244266e-20
5.32988153e-20
5.40052042e-20
5.47468242e-20
5.55239509e-20
5.63340732e-20
5.71724785e-20
5.80331531e-20
5.89095726e-20
5.97957611e-20
6.06867701e-20
6.15792130e-20
6.24711256e-20
6.33618246e-20
6.42510492e-20
6.51382056e-20
6.60212741e-20
6.68958130e-20
6.77542196e-20
6.85851440e-20
6.93736163e-20
7.01016275e-20
7.07492045e-20
7.12961795e-20
7.17241092e-20
7.20183890e-20
7.21700570e-20
7.21772102e-20
7.20456191e-20
7.17885197e-20
7.14254965e-20
7.09806095e-20
7.04799814e-20
6.99491288e-20
6.94105125e-20
6.88815697e-20
6.83735630e-20
6.78913322e-20
6.74340282e-20
6.69965252e-20
6.65712494e-20
6.61499826e-20
6.57253636e-20
6.52917546e-20
6.48453761e-20
6.43838613e-20
6.39053628e-20
6.34075562e-20
6.28867748e-20
6.23375967e-20
6.17528941e-20
6.11243918e-20
6.04435463e-20
5.97027006e-20
5.88962330e-20
5.80215242e-20
5.70797817e-20
5.60764989e-20
5.50216048e-20
5.39291337e-20
5.28167750e-20
5.17046375e-20
5.06141885e-20
4.95665624e-20
4.85810977e-20
4.76739224e-20
4.68569469e-20
4.61373204e-20
4.55175959e-20
4.49963883e-20
4.45694021e-20
4.42306699e-20
4.39736032e-20
4.37916827e-20
4.36786242e-20
4.36280680e-20
4.36328971e-20
4.36844671e-20
4.37720301e-20
4.38826153e-20
4.40015097e-20
4.41133127e-20
4.42034669e-20
4.42599410e-20
4.42747833e-20
4.42452277e-20
4.41741245e-20
4.40696036e-20
4.39440003e-20
4.38121885e-20
4.36895922e-20
4.35901364e-20
4.35244135e-20
4.34983131e-20
4.35122391e-20
4.35609871e-20
4.36342633e-20
4.37177396e-20
4.37945050e-20
4.38467364e-20
4.38574076e-20
4.38118446e-20
4.36989889e-20
4.35122441e-20
4.32498187e-20
4.29145805e-20
4.25134534e-20
4.20564233e-20
4.15553743e-20
4.10228439e-20
4.04709027e-20
3.99102249e-20
3.93495520e-20
3.87954841e-20
3.82525725e-20
3.77238284e-20
3.72112936e-20
3.67167885e-20
3.62427168e-20
3.57926278e-20
3.53716854e-20
3.49868065e-20
3.46464437e-20
3.43600742e-20
3.41373532e-20
3.39869773e-20
3.39157536e-20
3.39275933e-20
3.40225994e-20
3.41967921e-20
3.44422363e-20
3.47476492e-20
3.50994032e-20
3.54828209e-20
3.58834489e-20
3.62883553e-20
3.66869694e-20
3.70716874e-20
3.74379672e-20
3.77840947e-20
3.81106690e-20
3.84199805e-20
3.87153504e-20
3.90006036e-20
3.92797399e-20
3.95567732e-20
3.98357819e-20
4.01210913e-20
4.04175611e-20
4.07308591e-20
4.10677080e-20
4.14360019e-20
4.18447628e-20
4.23038023e-20
4.28231024e-20
4.34119292e-20
4.40776432e-20
4.48244230e-20
4.56520272e-20
4.65549088e-20
4.75217340e-20
4.85356225e-20
4.95750767e-20
5.06156638e-20
5.16320610e-20
5.26003870e-20
5.35005226e-20
5.43178379e-20
5.50445582e-20
5.56802581e-20
5.62315437e-20
5.67112523e-20
5.71370060e-20
5.75295894e-20
5.79111430e-20
5.83035629e-20
5.87270847e-20
5.91991374e-20
5.97336758e-20
6.03408078e-20
6.10268322e-20
6.17946884e-20
6.26445064e-20
6.35746068e-20
6.45821209e-20
6.56637344e-20
6.68156457e-20
6.80333789e-20
6.93104922e-20
7.06372526e-20
7.19988338e-20
7.33738264e-20
7.47335229e-20
7.60419296e-20
7.72573805e-20
7.83351854e-20
7.92311184e-20
7.99057236e-20
8.03283377e-20
8.04806869e-20
8.03593541e-20
7.99769994e-20
7.93620400e-20
7.85570742e-20
7.76160146e-20
7.66005407e-20
7.55761196e-20
7.46079663e-20
7.37575132e-20
7.30794508e-20
7.26196193e-20
7.24137404e-20
7.24870614e-20
7.28546634e-20
7.35224072e-20
7.44881646e-20
7.57433371e-20
7.72743070e-20
7.90633144e-20
8.10891582e-20
8.33268711e-20
8.57468062e-20
8.83134144e-20
9.09836602e-20
9.37060049e-20
9.64205759e-20
9.90600416e-20
1.01552626e-19
1.03825982e-19
1.05811548e-19
1.07449694e-19
1.08693893e-19
1.09514215e-19
1.09899678e-19
1.09859214e-19
1.09421559e-19
1.08634069e-19
1.07560515e-19
1.06278117e-19
1.04873813e-19
1.03439745e-19
1.02068573e-19
1.00848130e-19
9.98562095e-20
9.91556660e-20
9.87896967e-20
9.87781780e-20
9.91151277e-20
9.97678820e-20
1.00678514e-19
1.01767728e-19
1.02941486e-19
1.04099767e-19
1.05146809e-19
1.06001497e-19
1.06606490e-19
1.06934415e-19
1.06990391e-19
1.06809998e-19
1.06453071e-19
1.05994057e-19
1.05510379e-19
1.05070396e-19
1.04722839e-19
1.04489133e-19
1.04359759e-19
1.04295159e-19
1.04230994e-19
1.04086921e-19
1.03777472e-19
1.03223401e-19
1.02361659e-19
1.01152720e-19
9.95841386e-20
9.76705905e-20
9.54501909e-20
9.29788428e-20
9.03231371e-20
8.75536887e-20
8.47393552e-20
8.19431642e-20
7.92196844e-20
7.66145716e-20
7.41641371e-20
7.18966812e-20
6.98329830e-20
6.79872766e-20
6.63677193e-20
6.49767034e-20
6.38109324e-20
6.28617220e-20
6.21153813e-20
6.15538883e-20
6.11560426e-20
6.08988874e-20
6.07593962e-20
6.07162120e-20
6.07512568e-20
6.08509450e-20
6.10068411e-20
6.12156597e-20
6.14785734e-20
6.17999437e-20
6.21857044e-20
6.26415431e-20
6.31713187e-20
6.37758393e-20
6.44520985e-20
6.51932662e-20
6.59890826e-20
6.68267967e-20
6.76921216e-20
6.85704105e-20
6.94475812e-20
7.03106822e-20
7.11484320e-20
7.19513593e-20
7.27119050e-20
7.34245447e-20
7.40858458e-20
7.46946232e-20
7.52520541e-20
7.57617460e-20
7.62295656e-20
7.66632975e-20
7.70720629e-20
7.74656009e-20
7.78534267e-20
7.82440581e-20
7.86444195e-20
7.90594390e-20
7.94919557e-20
7.99428843e-20
8.04116392e-20
8.08966491e-20
8.13959613e-20
8.19077882e-20
8.24309791e-20
8.29652459e-20
8.35111822e-20
8.40700510e-20
8.46431502e-20
8.52310286e-20
8.58323880e-20
8.64427580e-20
8.70533350e-20
8.76498830e-20
8.82121878e-20
8.87139965e-20
8.91238789e-20
8.94067868e-20
8.95262791e-20
8.94473061e-20
8.91390862e-20
8.85778540e-20
8.77490547e-20
8.66488367e-20
8.52846282e-20
8.36748451e-20
8.18476625e-20
7.98393620e-20
7.76921994e-20
7.54522209e-20
7.31669769e-20
7.08837258e-20
6.86477886e-20
6.65010441e-20
6.44809539e-20
6.26196203e-20
6.09431499e-20
5.94711342e-20
5.82168926e-20
5.71876184e-20
5.63856584e-20
5.58097760e-20
5.54569705e-20
5.53241353e-20
5.54092794e-20
5.57118949e-20
5.62321689e-20
5.69690370e-20
5.79171311e-20
5.90634471e-20
6.03841075e-20
6.18424057e-20
6.33882860e-20
6.49603647e-20
6.64897197e-20
6.79056070e-20
6.91417805e-20
7.01427584e-20
7.08688941e-20
7.12995367e-20
7.14339705e-20
7.12901079e-20
7.09014905e-20
7.03132728e-20
6.95778362e-20
6.87507140e-20
6.78873912e-20
6.70407864e-20
6.62597574e-20
6.55881763e-20
6.50644555e-20
6.47212841e-20
6.45856309e-20
6.46789242e-20
6.50176286e-20
6.56143116e-20
6.64792237e-20
6.76223944e-20
6.90556080e-20
7.07942039e-20
7.28577772e-20
7.52689214e-20
7.80504334e-20
8.12199747e-20
8.47831847e-20
8.87263063e-20
9.30089896e-20
9.75594421e-20
1.02272882e-19
1.07014750e-19
1.11627903e-19
1.15944005e-19
1.19797743e-19
1.23040634e-19
1.25554388e-19
1.27260235e-19
1.28123577e-19
1.28154254e-19
1.27401923e-19
1.25948383e-19
1.23897932e-19
1.21367572e-19
1.18478176e-19
1.15347096e-19
1.12083513e-19
1.08784941e-19
1.05535670e-19
1.02406736e-19
9.94556788e-20
9.67273883e-20
9.42548367e-20
9.20598115e-20
9.01541283e-20
8.85408146e-20
8.72155723e-20
8.61682744e-20
8.53846759e-20
8.48479037e-20
8.45397094e-20
8.44415051e-20
8.45349110e-20
8.48020489e-20
8.52254614e-20
8.57878702e-20
8.64717461e-20
8.72589569e-20
8.81303448e-20
8.90657070e-20
9.00440315e-20
9.10440122e-20
9.20452748e-20
9.30297972e-20
9.39836831e-20
9.48990636e-20
9.57755403e-20
9.66214679e-20
9.74540816e-20
9.82990916e-20
9.91890549e-20
1.00161297e-19
1.01254853e-19
1.02507452e-19
1.03952270e-19
1.05615086e-19
1.07511960e-19
1.09647882e-19
1.12016136e-19
1.14599111e-19
1.17369588e-19
1.20293635e-19
1.23333519e-19
1.26451458e-19
1.29612436e-19
1.32787176e-19
1.35953662e-19
1.39096916e-19
1.42208181e-19
1.45282122e-19
1.48313392e-19
1.51293032e-19
1.54204817e-19
1.57022785e-19
1.59710120e-19
1.62220036e-19
1.64498164e-19
1.66486811e-19
1.68130312e-19
1.69381078e-19
1.70205262e-19
1.70587732e-19
1.70535607e-19
1.70079901e-19
1.69275268e-19
1.68197848e-19
1.66941359e-19
1.65612020e-19
1.64322494e-19
1.63185383e-19
1.62306496e-19
1.61778543e-19
1.61675373e-19
1.62047287e-19
1.62917930e-19
1.64283029e-19
1.66111337e-19
1.68348087e-19
1.70920103e-19
1.73743471e-19
1.76731090e-19
1.79801194e-19
1.82884114e-19
1.85927156e-19
1.88896313e-19
1.91774651e-19
1.94556741e-19
1.97240298e-19
1.99816202e-19
2.02258079e-19
2.04513952e-19
2.06501405e-19
2.08107826e-19
2.09195756e-19
2.09613301e-19
2.09208008e-19
2.07842186e-19
2.05407544e-19
2.01836884e-19
1.97112298e-19
1.91267787e-19
1.84388001e-19
1.76602900e-19
1.68078915e-19
1.59009171e-19
1.49602248e-19
1.40071170e-19
1.30622136e-19
1.21445515e-19
1.12707811e-19
1.04545109e-19
9.70600343e-20
9.03205514e-20
8.43616543e-20
7.91887647e-20
7.47842416e-20
7.11128476e-20
6.81294908e-20
6.57845164e-20
6.40285402e-20
6.28149590e-20
6.21004668e-20
6.18436129e-20
6.20020893e-20
6.25292949e-20
6.33712770e-20
6.44648174e-20
6.57374126e-20
6.71094395e-20
6.84985357e-20
6.98253414e-20
7.10199349e-20
7.20278767e-20
7.28144644e-20
7.33669841e-20
7.36940948e-20
7.38226498e-20
7.37925915e-20
7.36505697e-20
7.34433838e-20
7.32121074e-20
7.29876868e-20
7.27884359e-20
7.26195860e-20
7.24747098e-20
7.23386411e-20
7.21912771e-20
7.20116297e-20
7.17815512e-20
7.14886408e-20
7.11280763e-20
7.07032493e-20
7.02254453e-20
6.97125285e-20
6.91872605e-20
6.86750979e-20
6.82019445e-20
6.77917908e-20
6.74643860e-20
6.72330004e-20
6.71025134e-20
6.70679816e-20
6.71140046e-20
6.72151415e-20
6.73375038e-20
6.74414982e-20
6.74854806e-20
6.74298540e-20
6.72410842e-20
6.68950702e-20
6.63793858e-20
6.56942039e-20
6.48518631e-20
6.38752146e-20
6.27952650e-20
6.16483814e-20
6.04735281e-20
5.93096794e-20
5.81937999e-20
5.71591736e-20
5.62341605e-20
5.54411717e-20
5.47959879e-20
5.43071986e-20
5.39758521e-20
5.37955223e-20
5.37526740e-20
5.38276059e-20
5.39958594e-20
5.42300773e-20
5.45021261e-20
5.47853111e-20
5.50563398e-20
5.52969421e-20
5.54948702e-20
5.56442260e-20
5.57452248e-20
5.58034117e-20
5.58285680e-20
5.58334672e-20
5.58326336e-20
5.58412219e-20
5.58740666e-20
5.59449285e-20
5.60659303e-20
5.62472377e-20
5.64969453e-20
5.68212963e-20
5.72251643e-20
5.77127994e-20
5.82887699e-20
5.89587378e-20
5.97300771e-20
6.06119091e-20
6.16142849e-20
6.27468051e-20
6.40163293e-20
6.54244525e-20
6.69647987e-20
6.86208688e-20
7.03647938e-20
7.21573454e-20
7.39495758e-20
7.56856772e-20
7.73071249e-20
7.87576236e-20
7.99879530e-20
8.09604529e-20
8.16524100e-20
8.20580700e-20
8.21889492e-20
8.20726994e-20
8.17506626e-20
8.12746009e-20
8.07029635e-20
8.00971639e-20
7.95183017e-20
7.90242624e-20
7.86675577e-20
7.84936757e-20
7.85399118e-20
7.88346392e-20
7.93969063e-20
8.02365258e-20
8.13545379e-20
8.27444906e-20
8.43944250e-20
8.62892945e-20
8.84142841e-20
9.07578518e-20
9.33143846e-20
9.60858862e-20
9.90815997e-20
1.02315634e-19
1.05802184e-19
1.09549078e-19
1.13549693e-19
1.17775192e-19
1.22168814e-19
1.26640969e-19
1.31070633e-19
1.35308982e-19
1.39188535e-19
1.42535403e-19
1.45182954e-19
1.46986201e-19
1.47833929e-19
1.47658371e-19
1.46440373e-19
1.44210576e-19
1.41046349e-19
1.37065647e-19
1.32418551e-19
1.27277008e-19
1.21825335e-19
1.16249024e-19
1.10726617e-19
1.05421224e-19
1.00473843e-19
9.59984963e-20
9.20799724e-20
8.87725147e-20
8.61018427e-20
8.40689589e-20
8.26560936e-20
8.18340656e-20
8.15706325e-20
8.18384742e-20
8.26219471e-20
8.39214300e-20
8.57542508e-20
8.81518698e-20
9.11525531e-20
9.47910467e-20
9.90858039e-20
1.04025008e-19
1.09555303e-19
1.15573453e-19
1.21924075e-19
1.28404809e-19
1.34777839e-19
1.40787967e-19
1.46184304e-19
1.50743219e-19
1.54288136e-19
1.56704488e-19
1.57947280e-19
1.58040875e-19
1.57071443e-19
1.55174436e-19
1.52519105e-19
1.49293052e-19
1.45688571e-19
1.41892211e-19
1.38077442e-19
1.34400753e-19
1.30999485e-19
1.27990796e-19
1.25470613e-19
1.23512885e-19
1.22168654e-19
1.21465739e-19
1.21410115e-19
1.21989182e-19
1.23177793e-19
1.24946532e-19
1.27271854e-19
1.30146227e-19
1.33587104e-19
1.37642117e-19
1.42388627e-19
1.47928005e-19
1.54370985e-19
1.61818656e-19
1.70337822e-19
1.79935379e-19
1.90535875e-19
2.01964558e-19
2.13941459e-19
2.26087997e-19
2.37948330e-19
2.49021517e-19
2.58803376e-19
2.66831267e-19
2.72726595e-19
2.76227261e-19
2.77207486e-19
2.75681836e-19
2.71793785e-19
2.65792269e-19
2.58000641e-19
2.48782472e-19
2.38510556e-19
2.27541221e-19
2.16196670e-19
2.04754262e-19
1.93444016e-19
1.82450440e-19
1.71916460e-19
1.61951260e-19
1.52633942e-19
1.44020823e-19
1.36148579e-19
1.29036894e-19
1.22691173e-19
1.17103423e-19
1.12253766e-19
1.08111819e-19
1.04636869e-19
1.01780033e-19
9.94848695e-20
9.76890133e-20
9.63255493e-20
9.53245181e-20
9.46148500e-20
9.41264634e-20
9.37927187e-20
9.35530540e-20
9.33556575e-20
9.31597913e-20
9.29374932e-20
9.26743417e-20
9.23691644e-20
9.20326586e-20
9.16850691e-20
9.13532894e-20
9.10676881e-20
9.08590679e-20
9.07560440e-20
9.07831006e-20
9.09593544e-20
9.12980160e-20
9.18064556e-20
9.24866323e-20
9.33357166e-20
9.43468270e-20
9.55094625e-20
9.68100258e-20
9.82321390e-20
9.97567138e-20
1.01362475e-19
1.03026341e-19
1.04724406e-19
1.06432827e-19
1.08129382e-19
1.09794891e-19
1.11414256e-19
1.12977528e-19
1.14479968e-19
1.15921490e-19
1.17305514e-19
1.18636945e-19
1.19920514e-19
1.21158713e-19
1.22350864e-19
1.23492576e-19
1.24576593e-19
1.25593906e-19
1.26535746e-19
1.27395369e-19
1.28169590e-19
1.28859794e-19
1.29472090e-19
1.30017191e-19
1.30509716e-19
1.30967655e-19
1.31411992e-19
1.31866484e-19
1.32357565e-19
1.32913911e-19
1.33565369e-19
1.34340902e-19
1.35265436e-19
1.36355943e-19
1.37617094e-19
1.39037378e-19
1.40586589e-19
1.42215066e-19
1.43855345e-19
1.45425999e-19
1.46837400e-19
1.47998297e-19
1.48822658e-19
1.49235853e-19
1.49179375e-19
1.48614109e-19
1.47521688e-19
1.45904476e-19
1.43783929e-19
1.41198086e-19
1.38197804e-19
1.34843003e-19
1.31197797e-19
1.27326431e-19
1.23289020e-19
1.19139183e-19
1.14921869e-19
1.10673030e-19
1.06421116e-19
1.02188334e-19
9.79933007e-20
9.38532157e-20
8.97852263e-20
8.58074881e-20
8.19391026e-20
7.81990573e-20
7.46056448e-20
7.11747264e-20
6.79191515e-20
6.48479270e-20
6.19663427e-20
5.92762130e-20
5.67765082e-20
5.44638415e-20
5.23335204e-20
5.03795582e-20
4.85955273e-20
4.69744183e-20
4.55088962e-20
4.41913047e-20
4.30137573e-20
4.19681992e-20
4.10467138e-20
4.02418133e-20
3.95467256e-20
3.89557525e-20
3.84644375e-20
3.80695734e-20
3.77689381e-20
3.75608428e-20
3.74434376e-20
3.74139226e-20
3.74677816e-20
3.75981966e-20
3.77957471e-20
3.80485252e-20
3.83426055e-20
3.86629757e-20
3.89946043e-20
3.93236877e-20
3.96388170e-20
3.99319248e-20
4.01988668e-20
4.04397106e-20
4.06585908e-20
4.08632849e-20
4.10645508e-20
4.12753404e-20
4.15099203e-20
4.17829776e-20
4.21087327e-20
4.25000091e-20
4.29673088e-20
4.35178785e-20
4.41548922e-20
4.48767381e-20
4.56766210e-20
4.65426554e-20
4.74582699e-20
4.84033453e-20
4.93557001e-20
5.02927394e-20
5.11934491e-20
5.20400444e-20
5.28193919e-20
5.35240469e-20
5.41527291e-20
5.47104359e-20
5.52082640e-20
5.56628798e-20
5.60959952e-20
5.65336053e-20
5.70051862e-20
5.75426518e-20
5.81791052e-20
5.89472846e-20
5.98778065e-20
6.09971411e-20
6.23256141e-20
6.38755495e-20
6.56499716e-20
6.76417869e-20
6.98338632e-20
7.22002318e-20
7.47076629e-20
7.73185831e-20
7.99942290e-20
8.26976151e-20
8.53970528e-20
8.80685096e-20
9.06977314e-20
9.32806880e-20
9.58236219e-20
9.83412215e-20
1.00854160e-19
1.03385025e-19
1.05954281e-19
1.08575750e-19
1.11252181e-19
1.13972540e-19
1.16710211e-19
1.19423659e-19
1.22058416e-19
1.24551613e-19
1.26837102e-19
1.28851652e-19
1.30540407e-19
1.31862104e-19
1.32792648e-19
1.33327128e-19
1.33480645e-19
1.33287636e-19
1.32800353e-19
1.32086602e-19
1.31227109e-19
1.30312620e-19
1.29440836e-19
1.28713164e-19
1.28231454e-19
1.28094581e-19
1.28394992e-19
1.29215284e-19
1.30624926e-19
1.32677407e-19
1.35407534e-19
1.38829936e-19
1.42937993e-19
1.47704522e-19
1.53082721e-19
1.59009700e-19
1.65410078e-19
1.72201615e-19
1.79300660e-19
1.86628249e-19
1.94115646e-19
2.01708515e-19
2.09369769e-19
2.17078690e-19
2.24828418e-19
2.32618458e-19
2.40446924e-19
2.48299487e-19
2.56140220e-19
2.63902645e-19
2.71486814e-19
2.78760508e-19
2.85564994e-19
2.91727585e-19
2.97075717e-19
3.01452752e-19
3.04732722e-19
3.06831233e-19
3.07712423e-19
3.07391112e-19
3.05930786e-19
3.03438530e-19
3.00058426e-19
2.95964052e-19
2.91352117e-19
2.86435774e-19
2.81438885e-19
2.76591282e-19
2.72122555e-19
2.68256591e-19
2.65205145e-19
2.63160839e-19
2.62290478e-19
2.62728229e-19
2.64569662e-19
2.67866731e-19
2.72624637e-19
2.78801002e-19
2.86306525e-19
2.95009984e-19
3.04744836e-19
3.15318939e-19
3.26527418e-19
3.38165878e-19
3.50044761e-19
3.62003942e-19
3.73922099e-19
3.85725196e-19
3.97385901e-19
4.08917783e-19
4.20359950e-19
4.31755644e-19
4.43125608e-19
4.54441561e-19
4.65600268e-19
4.76410074e-19
4.86583962e-19
4.95750487e-19
5.03475011e-19
5.09292359e-19
5.12744936e-19
5.13421598e-19
5.10991352e-19
5.05229458e-19
4.96032750e-19
4.83425205e-19
4.67554395e-19
4.48681500e-19
4.27164936e-19
4.03443021e-19
3.78013218e-19
3.51410720e-19
3.24183772e-19
2.96871876e-19
2.69983071e-19
2.43971543e-19
2.19222300e-19
1.96038640e-19
1.74636639e-19
1.55144126e-19
1.37608217e-19
1.22005514e-19
1.08256096e-19
9.62377096e-20
8.58015188e-20
7.67852621e-20
6.90235495e-20
6.23574480e-20
5.66390490e-20
5.17349237e-20
4.75280161e-20
4.39167060e-20
4.08141484e-20
3.81462468e-20
3.58502174e-20
3.38723546e-20
3.21666545e-20
3.06932635e-20
2.94174885e-20
2.83089128e-20
2.73408235e-20
2.64897644e-20
2.57354937e-20
2.50608459e-20
2.44518370e-20
2.38978754e-20
2.33917897e-20
2.29298449e-20
2.25116229e-20
2.21395275e-20
2.18181097e-20
2.15530482e-20
2.13498913e-20
2.12126198e-20
2.11422178e-20
2.11353711e-20
2.11835313e-20
2.12724983e-20
2.13826673e-20
2.14900042e-20
2.15676686e-20
2.15881888e-20
2.15258910e-20
2.13593153e-20
2.10732863e-20
2.06603822e-20
2.01216167e-20
1.94662128e-20
1.87106258e-20
1.78768899e-20
1.69905896e-20
1.60786300e-20
1.51672525e-20
1.42803252e-20
1.34381469e-20
1.26567096e-20
1.19475734e-20
1.13180951e-20
1.07719162e-20
1.03096960e-20
9.92982108e-21
9.62907485e-21
9.40315325e-21
9.24706529e-21
9.15534622e-21
9.12215262e-21
9.14127416e-21
9.20612667e-21
9.30976230e-21
9.44496232e-21
9.60441714e-21
9.78101656e-21
9.96822329e-21
1.01605150e-20
1.03537707e-20
1.05456538e-20
1.07357568e-20
1.09256060e-20
1.11183577e-20
1.13182383e-20
1.15297283e-20
1.17565857e-20
1.20007812e-20
1.22615271e-20
1.25345661e-20
1.28118161e-20
1.30815281e-20
1.33289638e-20
1.35375829e-20
1.36905568e-20
1.37724724e-20
1.37709735e-20
1.36780980e-20
1.34911543e-20
1.32129833e-20
1.28516682e-20
1.24196484e-20
1.19325140e-20
1.14076001e-20
1.08625562e-20
1.03141629e-20
9.77741584e-21
9.26490809e-21
8.78666385e-21
8.35009216e-21
7.96018833e-21
7.61985407e-21
7.33010466e-21
7.09031487e-21
6.89835591e-21
6.75066960e-21
6.64235015e-21
6.56723240e-21
6.51805453e-21
6.48671250e-21
6.46462399e-21
6.44317330e-21
6.41420749e-21
6.37054109e-21
6.30640491e-21
6.21779381e-21
6.10268937e-21
5.96109915e-21
5.79495223e-21
5.60781734e-21
5.40454270e-21
5.19076874e-21
4.97246124e-21
4.75543163e-21
4.54495660e-21
4.34547950e-21
4.16043308e-21
3.99218355e-21
3.84206531e-21
3.71052133e-21
3.59726543e-21
3.50149686e-21
3.42207075e-21
3.35766719e-21
3.30689927e-21
3.26839070e-21
3.24079424e-21
3.22278752e-21
3.21304999e-21
3.21023115e-21
3.21293450e-21
3.21972076e-21
3.22913900e-21
3.23978290e-21
3.25036585e-21
3.25980291e-21
3.26728653e-21
3.27234082e-21
3.27484718e-21
3.27503610e-21
3.27344680e-21
3.27086243e-21
3.26822982e-21
3.26657490e-21
3.26692053e-21
3.27021238e-21
3.27725367e-21
3.28864662e-21
3.30474179e-21
3.32559275e-21
3.35092422e-21
3.38011206e-21
3.41219377e-21
3.44590747e-21
3.47975870e-21
3.51212571e-21
3.54137627e-21
3.56599691e-21
3.58470498e-21
3.59654438e-21
3.60094077e-21
3.59772189e-21
3.58710136e-21
3.56963563e-21
3.54616240e-21
3.51773765e-21
3.48557009e-21
3.45096921e-21
3.41530209e-21
3.37995600e-21
3.34631002e-21
3.31570398e-21
3.28940566e-21
3.26857167e-21
3.25420970e-21
3.24713937e-21
3.24796016e-21
3.25703081e-21
3.27446387e-21
3.30013816e-21
3.33372188e-21
3.37471307e-21
3.42248034e-21
3.47630446e-21
3.53541860e-21
3.59903354e-21
3.66635595e-21
3.73660491e-21
3.80900863e-21
3.88282039e-21
3.95733263e-21
4.03189173e-21
4.10594556e-21
4.17908441e-21
4.25109135e-21
4.32198838e-21
4.39204875e-21
4.46177472e-21
4.53181942e-21
4.60285782e-21
4.67540145e-21
4.74959163e-21
4.82500497e-21
4.90049554e-21
4.97412372e-21
5.04318775e-21
5.10436334e-21
5.15394259e-21
5.18812504e-21
5.20333546e-21
5.19650782e-21
5.16531422e-21
5.10830488e-21
5.02497309e-21
4.91573455e-21
4.78186544e-21
4.62540840e-21
4.44905285e-21
4.25602854e-21
4.04998345e-21
3.83485922e-21
3.61473404e-21
3.39367645e-21
3.17557143e-21
2.96395645e-21
2.76185766e-21
2.57168779e-21
2.39517700e-21
2.23334461e-21
2.08656631e-21
1.95462130e-21
1.83684091e-21
1.73221168e-21
1.63952513e-21
1.55746986e-21
1.48474842e-21
1.42013307e-21
1.36251917e-21
1.31094794e-21
1.26461411e-21
1.22285610e-21
1.18514304e-21
1.15105223e-21
1.12024256e-21
1.09243234e-21
1.06737644e-21
1.04484890e-21
1.02462889e-21
1.00649566e-21
9.90227143e-22
9.75602034e-22
9.62408275e-22
9.50447981e-22
9.39543403e-22
9.29541117e-22
9.20309427e-22
9.11734744e-22
9.03713000e-22
8.96141894e-22
8.88911370e-22
8.81898811e-22
8.74967006e-22
8.67969199e-22
8.60757553e-22
8.53196764e-22
8.45181055e-22
8.36649062e-22
8.27597668e-22
8.18090078e-22
8.08256343e-22
7.98287470e-22
7.88421638e-22
7.78925196e-22
7.70069628e-22
7.62109386e-22
7.55261508e-22
7.49689923e-22
7.45497585e-22
7.42725746e-22
7.41361054e-22
7.41349002e-22
7.42611471e-22
7.45065285e-22
7.48638515e-22
7.53280421e-22
7.58963908e-22
7.65678483e-22
7.73413478e-22
7.82136979e-22
7.91771490e-22
8.02173494e-22
8.13122583e-22
8.24320465e-22
8.35408569e-22
8.45993929e-22
8.55689309e-22
8.64153289e-22
8.71131600e-22
8.76485186e-22
8.80207766e-22
8.82425396e-22
8.83381182e-22
8.83407044e-22
8.82887132e-22
8.82218011e-22
8.81770531e-22
8.81857517e-22
8.82709801e-22
8.84462385e-22
8.87151261e-22
8.90719847e-22
8.95034894e-22
8.99909480e-22
9.05130090e-22
9.10487115e-22
9.15803335e-22
9.20958737e-22
9.25908719e-22
9.30692399e-22
9.35430682e-22
9.40313139e-22
9.45575179e-22
9.51466672e-22
9.58216200e-22
9.65994355e-22
9.74881577e-22
9.84843549e-22
9.95719300e-22
1.00722518e-21
1.01897336e-21
1.03050555e-21
1.04133689e-21
1.05100580e-21
1.05912052e-21
1.06539823e-21
1.06969015e-21
1.07199009e-21
1.07242522e-21
1.07123300e-21
1.06872785e-21
1.06526428e-21
1.06120143e-21
1.05687397e-21
1.05257302e-21
1.04853590e-21
1.04494568e-21
1.04193670e-21
1.03960456e-21
1.03801642e-21
1.03722076e-21
1.03725475e-21
1.03814848e-21
1.03992649e-21
1.04260665e-21
1.04619759e-21
1.05069487e-21
1.05607747e-21
1.06230531e-21
1.06931983e-21
1.07704726e-21
1.08540684e-21
1.09432318e-21
1.10374311e-21
1.11365384e-21
1.12410141e-21
1.13520696e-21
1.14717598e-21
1.16029993e-21
1.17494703e-21
1.19154293e-21
1.21053807e-21
1.23236572e-21
1.25739074e-21
1.28585580e-21
1.31782488e-21
1.35313449e-21
1.39136260e-21
1.43181069e-21
1.47352355e-21
1.51533578e-21
1.55594236e-21
1.59400411e-21
1.62825537e-21
1.65761764e-21
1.68128749e-21
1.69880318e-21
1.71006667e-21
1.71532418e-21
1.71511393e-21
1.71018493e-21
1.70140554e-21
1.68967377e-21
1.67584382e-21
1.66067588e-21
1.64481292e-21
1.62878053e-21
1.61300735e-21
1.59785400e-21
1.58364391e-21
1.57068676e-21
1.55929248e-21
1.54977103e-21
1.54241938e-21
1.53750101e-21
1.53522007e-21
1.53569680e-21
1.53894868e-21
1.54488058e-21
1.55328781e-21
1.56386961e-21
1.57625691e-21
1.59004830e-21
1.60485395e-21
1.62034240e-21
1.63628758e-21
1.65260792e-21
1.66939836e-21
1.68694428e-21
1.70572331e-21
1.72638414e-21
1.74970986e-21
1.77655710e-21
1.80778444e-21
1.84416051e-21
1.88626812e-21
1.93440107e-21
1.98847051e-21
2.04792956e-21
2.11172855e-21
2.17832036e-21
2.24571055e-21
2.31157637e-21
2.37342060e-21
2.42877989e-21
2.47543639e-21
2.51160877e-21
2.53611352e-21
2.54844866e-21
2.54880432e-21
2.53799447e-21
2.51732259e-21
2.48840677e-21
2.45298753e-21
2.41275663e-21
2.36921271e-21
2.32357566e-21
2.27674629e-21
2.22932563e-21
2.18165773e-21
2.13389883e-21
2.08609787e-21
2.03825611e-21
1.99038147e-21
1.94251855e-21
1.89475580e-21
1.84722229e-21
1.80006947e-21
1.75344966e-21
1.70749071e-21
1.66228073e-21
1.61785690e-21
1.57419880e-21
1.53124059e-21
1.48887841e-21
1.44698905e-21
1.40545672e-21
1.36418827e-21
1.32313500e-21
1.28230539e-21
1.24176774e-21
1.20165002e-21
1.16212981e-21
1.12341535e-21
1.08573290e-21
1.04930320e-21
1.01432577e-21
9.80971963e-22
9.49373604e-22
9.19625063e-22
8.91786405e-22
8.65887646e-22
8.41937710e-22
8.19930503e-22
7.99850635e-22
7.81675519e-22
7.65378176e-22
7.50926777e-22
7.38282031e-22
7.27397138e-22
7.18213820e-22
7.10660870e-22
7.04654081e-22
7.00095024e-22
6.96872941e-22
6.94866656e-22
6.93948271e-22
6.93986673e-22
6.94851792e-22
6.96418264e-22
6.98568706e-22
7.01196140e-22
7.04205712e-22
7.07516110e-22
7.11059634e-22
7.14782316e-22
7.18642450e-22
7.22606802e-22
7.26645446e-22
7.30723640e-22
7.34791095e-22
7.38771520e-22
7.42552368e-22
7.45978599e-22
7.48852265e-22
7.50940022e-22
7.51988337e-22
7.51746044e-22
7.49990921e-22
7.46556740e-22
7.41356371e-22
7.34396378e-22
7.25782309e-22
7.15710942e-22
7.04452542e-22
6.92327316e-22
6.79675214e-22
6.66828825e-22
6.54089609e-22
6.41710066e-22
6.29885434e-22
6.18751824e-22
6.08390893e-22
5.98837529e-22
5.90090550e-22
5.82122203e-22
5.74886652e-22
5.68326097e-22
5.62376505e-22
5.56972310e-22
5.52051313e-22
5.47561445e-22
5.43468238e-22
5.39763049e-22
5.36470195e-22
5.33652102e-22
5.31409985e-22
5.29879335e-22
5.29219708e-22
5.29600009e-22
5.31180669e-22
5.34095827e-22
5.38437564e-22
5.44246404e-22
5.51506869e-22
5.60150685e-22
5.70065555e-22
5.81105391e-22
5.93101391e-22
6.05867729e-22
6.19201986e-22
6.32878786e-22
6.46638193e-22
6.60173865e-22
6.73122897e-22
6.85065083e-22
6.95535315e-22
7.04048455e-22
7.10137982e-22
7.13402535e-22
7.13554003e-22
7.10458204e-22
7.04161774e-22
6.94899380e-22
6.83078295e-22
6.69243782e-22
6.54029113e-22
6.38096591e-22
6.22080891e-22
6.06539126e-22
5.91914922e-22
5.78517541e-22
5.66519243e-22
5.55965312e-22
5.46794713e-22
5.38865644e-22
5.31983819e-22
5.25928141e-22
5.20472195e-22
5.15401645e-22
5.10526211e-22
5.05687620e-22
5.00763638e-22
4.95670695e-22
4.90362461e-22
4.84829044e-22
4.79092588e-22
4.73202753e-22
4.67230431e-22
4.61260813e-22
4.55385602e-22
4.49696277e-22
4.44277887e-22
4.39203999e-22
4.34534195e-22
4.30313027e-22
4.26570993e-22
4.23326651e-22
4.20590207e-22
4.18367143e-22
4.16661835e-22
4.15480398e-22
4.14832847e-22
4.14733967e-22
4.15203154e-22
4.16263446e-22
4.17939977e-22
4.20258277e-22
4.23243049e-22
4.26917259e-22
4.31302038e-22
4.36417027e-22
4.42281427e-22
4.48914283e-22
4.56334312e-22
4.64559405e-22
4.73602898e-22
4.83472003e-22
4.94161762e-22
5.05651532e-22
5.17902238e-22
5.30853803e-22
5.44427039e-22
5.58524376e-22
5.73035691e-22
5.87842844e-22
6.02821017e-22
6.17841484e-22
6.32767469e-22
6.47447833e-22
6.61709466e-22
6.75347769e-22
6.88121214e-22
6.99750964e-22
7.09929089e-22
7.18333441e-22
7.24650725e-22
7.28603569e-22
7.29978348e-22
7.28648440e-22
7.24590472e-22
7.17889858e-22
7.08735715e-22
6.97405695e-22
6.84243651e-22
6.69631751e-22
6.53965627e-22
6.37626401e-22
6.20964717e-22
6.04284778e-22
5.87838899e-22
5.71826165e-22
5.56396372e-22
5.41655778e-22
5.27676750e-22
5.14504855e-22
5.02168659e-22
4.90684001e-22
4.80059751e-22
4.70299224e-22
4.61402766e-22
4.53366276e-22
4.46181716e-22
4.39835968e-22
4.34311239e-22
4.29585313e-22
4.25632446e-22
4.22424578e-22
4.19932180e-22
4.18125178e-22
4.16972708e-22
4.16442551e-22
4.16499441e-22
4.17103201e-22
4.18206736e-22
4.19754421e-22
4.21681354e-22
4.23913842e-22
4.26371218e-22
4.28969164e-22
4.31623609e-22
4.34255421e-22
4.36794027e-22
4.39180679e-22
4.41369380e-22
4.43326432e-22
4.45027744e-22
4.46455643e-22
4.47595130e-22
4.48430763e-22
4.48945370e-22
4.49120367e-22
4.48938044e-22
4.48385060e-22
4.47456318e-22
4.46158199e-22
4.44510316e-22
4.42545104e-22
4.40305534e-22
4.37841133e-22
4.35203307e-22
4.32440652e-22
4.29595689e-22
4.26703147e-22
4.23789916e-22
4.20876971e-22
4.17982026e-22
4.15122488e-22
4.12317567e-22
4.09589575e-22
4.06963593e-22
4.04465967e-22
4.02121789e-22
3.99952508e-22
3.97973820e-22
3.96194415e-22
3.94616208e-22
3.93235534e-22
3.92045250e-22
3.91037000e-22
3.90203309e-22
3.89538682e-22
3.89039487e-22
3.88702479e-22
3.88522307e-22
3.88488383e-22
3.88581924e-22
3.88773898e-22
3.89024589e-22
3.89285210e-22
3.89501566e-22
3.89619537e-22
3.89591519e-22
3.89382916e-22
3.88977603e-22
3.88381400e-22
3.87623019e-22
3.86752200e-22
3.85835496e-22
3.84950267e-22
3.84177859e-22
3.83596955e-22
3.83277855e-22
3.83278355e-22
3.83641255e-22
3.84393339e-22
3.85545463e-22
3.87093018e-22
3.89016522e-22
3.91281743e-22
3.93839257e-22
3.96624682e-22
3.99558307e-22
4.02546863e-22
4.05486305e-22
4.08266809e-22
4.10779862e-22
4.12926320e-22
4.14625151e-22
4.15821347e-22
4.16492015e-22
4.16649401e-22
4.16340677e-22
4.15644238e-22
4.14663142e-22
4.13516604e-22
4.12330679e-22
4.11229265e-22
4.10326247e-22
4.09719549e-22
4.09486944e-22
4.09683695e-22
4.10341312e-22
4.11467240e-22
4.13044708e-22
4.15033077e-22
4.17368291e-22
4.19964081e-22
4.22714600e-22
4.25498013e-22
4.28183052e-22
4.30636167e-22
4.32730906e-22
4.34357676e-22
4.35432981e-22
4.35906996e-22
4.35768936e-22
4.35048925e-22
4.33816441e-22
4.32175408e-22
4.30256310e-22
4.28206624e-22
4.26180047e-22
4.24326480e-22
4.22782607e-22
4.21664920e-22
4.21064759e-22
4.21045986e-22
4.21644461e-22
4.22869106e-22
4.24703685e-22
4.27108391e-22
4.30020798e-22
4.33355742e-22
4.37004730e-22
4.40834232e-22
4.44686165e-22
4.48378577e-22
4.51710950e-22
4.54471865e-22
4.56451842e-22
4.57457769e-22
4.57329812e-22
4.55956977e-22
4.53289842e-22
4.49347691e-22
4.44219854e-22
4.38058467e-22
4.31067065e-22
4.23482350e-22
4.15556114e-22
4.07534248e-22
3.99641753e-22
3.92068573e-22
3.84962235e-22
3.78424412e-22
3.72511957e-22
3.67240649e-22
3.62591968e-22
3.58520039e-22
3.54960218e-22
3.51836332e-22
3.49068612e-22
3.46580281e-22
3.44304009e-22
3.42186428e-22
3.40191804e-22
3.38303452e-22
3.36523461e-22
3.34870237e-22
3.33374427e-22
3.32073537e-22
3.31006525e-22
3.30208484e-22
3.29706805e-22
3.29519093e-22
3.29652729e-22
3.30106081e-22
3.30870357e-22
3.31931437e-22
3.33270608e-22
3.34863748e-22
3.36679032e-22
3.38673115e-22
3.40787634e-22
3.42946698e-22
3.45056484e-22
3.47008748e-22
3.48687363e-22
3.49978218e-22
3.50780543e-22
3.51018309e-22
3.50649535e-22
3.49671919e-22
3.48123622e-22
3.46079163e-22
3.43641046e-22
3.40928262e-22
3.38063987e-22
3.35163890e-22
3.32326920e-22
3.29629251e-22
3.27122390e-22
3.24834512e-22
3.22774230e-22
3.20936308e-22
3.19306976e-22
