# Generated by CAESAR Pro Ultimate
# Gas: O4
# Math: Dynamic-ILS-Applied
-1.83502807e-48
-1.83014245e-48
-1.82525703e-48
-1.82037171e-48
-1.81548649e-48
-1.81060146e-48
-1.80571653e-48
-1.80083170e-48
-1.79594707e-48
-1.79106243e-48
-1.78617800e-48
-1.78129376e-48
-1.77640952e-48
-1.77152548e-48
-1.76664153e-48
-1.76175769e-48
-1.75687404e-48
-1.75199049e-48
-1.74710704e-48
-1.74222369e-48
-1.73734053e-48
-1.73245748e-48
-1.72757452e-48
-1.72269176e-48
-1.71780910e-48
-1.71292653e-48
-1.70804407e-48
-1.70316170e-48
-1.69827953e-48
-1.69339746e-48
-1.68851559e-48
-1.68363371e-48
-1.67875203e-48
-1.67387055e-48
-1.66898908e-48
-1.66410779e-48
-1.65922661e-48
-1.65434552e-48
-1.64946463e-48
-1.64458375e-48
-1.63970315e-48
-1.63482256e-48
-1.62994216e-48
-1.62506177e-48
-1.62018167e-48
-1.61530157e-48
-1.61042167e-48
-1.60554186e-48
-1.60066216e-48
-1.59578265e-48
-1.59090314e-48
-1.58602383e-48
-1.58114471e-48
-1.57626560e-48
-1.57138668e-48
-1.56650786e-48
-1.56162924e-48
-1.55675062e-48
-1.55187219e-48
-1.54699397e-48
-1.54211574e-48
-1.53723771e-48
-1.53235978e-48
-1.52748194e-48
-1.52260431e-48
-1.51772677e-48
-1.51284933e-48
-1.50797199e-48
-1.50309484e-48
-1.49821780e-48
-1.49334085e-48
-1.48846400e-48
-1.48358735e-48
-1.47871080e-48
-1.47383435e-48
-1.46895809e-48
-1.46408193e-48
-1.45920587e-48
-1.45432991e-48
-1.44945415e-48
-1.44457848e-48
-1.43970292e-48
-1.43482745e-48
-1.42995218e-48
-1.42507700e-48
-1.42020193e-48
-1.41532705e-48
-1.41045227e-48
-1.40557759e-48
-1.40070301e-48
-1.39582863e-48
-1.39095424e-48
-1.38608016e-48
-1.38120607e-48
-1.37633218e-48
-1.37145838e-48
-1.36658469e-48
-1.36171109e-48
-1.35683769e-48
-1.35196439e-48
-1.34709119e-48
-1.34221819e-48
-1.33734528e-48
-1.33247247e-48
-1.32759977e-48
-1.32272725e-48
-1.31785484e-48
-1.31298253e-48
-1.30811041e-48
-1.30323829e-48
-1.29836637e-48
-1.29349465e-48
-1.28862292e-48
-1.28375140e-48
-1.27887997e-48
-1.27400864e-48
-1.26913751e-48
-1.26426647e-48
-1.25939554e-48
-1.25452470e-48
-1.24965406e-48
-1.24478352e-48
-1.23991308e-48
-1.23504283e-48
-1.23017269e-48
-1.22530264e-48
-1.22043269e-48
-1.21556294e-48
-1.21069328e-48
-1.20582373e-48
-1.20095427e-48
-1.19608501e-48
-1.19121585e-48
-1.18634679e-48
-1.18147782e-48
-1.17660906e-48
-1.17174039e-48
-1.16687182e-48
-1.16200344e-48
-1.15713517e-48
-1.15226699e-48
-1.14739892e-48
-1.14253104e-48
-1.13766326e-48
-1.13279557e-48
-1.12792809e-48
-1.12306060e-48
-1.11819331e-48
-1.11332622e-48
-1.10845913e-48
-1.10359223e-48
-1.09872544e-48
-1.09385874e-48
-1.08899224e-48
-1.08412584e-48
-1.07925954e-48
-1.07439333e-48
-1.06952732e-48
-1.06466141e-48
-1.05979560e-48
-1.05492999e-48
-1.05006447e-48
-1.04519906e-48
-1.04033374e-48
-1.03546862e-48
-1.03060350e-48
-1.02573867e-48
-1.02087385e-48
-1.01600922e-48
-1.01114469e-48
-1.00628026e-48
-1.00141593e-48
-9.96551793e-49
-9.91687756e-49
-9.86823818e-49
-9.81960077e-49
-9.77096435e-49
-9.72232891e-49
-9.67369445e-49
-9.62506197e-49
-9.57643047e-49
-9.52779996e-49
-9.47917043e-49
-9.43054288e-49
-9.38191631e-49
-9.33329072e-49
-9.28466711e-49
-9.23604448e-49
-9.18742284e-49
-9.13880218e-49
-9.09018349e-49
-9.04156579e-49
-8.99294908e-49
-8.94433335e-49
-8.89571959e-49
-8.84710681e-49
-8.79849502e-49
-8.74988521e-49
-8.70127539e-49
-8.65266754e-49
-8.60406167e-49
-8.55545579e-49
-8.50685189e-49
-8.45824897e-49
-8.40964802e-49
-8.36104708e-49
-8.31244810e-49
-8.26385109e-49
-8.21525409e-49
-8.16665905e-49
-8.11806500e-49
-8.06947194e-49
-8.02088084e-49
-7.97228975e-49
-7.92370162e-49
-7.87511348e-49
-7.82652731e-49
-7.77794115e-49
-7.72935794e-49
-7.68077473e-49
-7.63219349e-49
-7.58361324e-49
-7.53503397e-49
-7.48645667e-49
-7.43787938e-49
-7.38930405e-49
-7.34073070e-49
-7.29215734e-49
-7.24358596e-49
-7.19501556e-49
-7.14644714e-49
-7.09787969e-49
-7.04931225e-49
-7.00074777e-49
-6.95218328e-49
-6.90362077e-49
-6.85505924e-49
-6.80649870e-49
-6.75794013e-49
-6.70938254e-49
-6.66082594e-49
-6.61227032e-49
-6.56371668e-49
-6.51516402e-49
-6.46661234e-49
-6.41806264e-49
-6.36951294e-49
-6.32096521e-49
-6.27241945e-49
-6.22387368e-49
-6.17532989e-49
-6.12678709e-49
-6.07824527e-49
-6.02970542e-49
-5.98116656e-49
-5.93262868e-49
-5.88409278e-49
-5.83555687e-49
-5.78702294e-49
-5.73849097e-49
-5.68995901e-49
-5.64142901e-49
-5.59290001e-49
-5.54437198e-49
-5.49584593e-49
-5.44732087e-49
-5.39879679e-49
-5.35027369e-49
-5.30175257e-49
-5.25323243e-49
-5.20471328e-49
-5.15619609e-49
-5.10767891e-49
-5.05916370e-49
-5.01065046e-49
-4.96213722e-49
-4.91362595e-49
-4.86511567e-49
-4.81660736e-49
-4.76809904e-49
-4.71959270e-49
-4.67108735e-49
-4.62258396e-49
-4.57408156e-49
-4.52558015e-49
-4.47707972e-49
-4.42858126e-49
-4.38008280e-49
-4.33158632e-49
-4.28309180e-49
-4.23459728e-49
-4.18610474e-49
-4.13761318e-49
-4.08912359e-49
-4.04063499e-49
-3.99214737e-49
-3.94366074e-49
-3.89517509e-49
-3.84669142e-49
-3.79820873e-49
-3.74972801e-49
-3.70124729e-49
-3.65276854e-49
-3.60429078e-49
-3.55581498e-49
-3.50733919e-49
-3.45886537e-49
-3.41039254e-49
-3.36192167e-49
-3.31345179e-49
-3.26498290e-49
-3.21651499e-49
-3.16804905e-49
-3.11958312e-49
-3.07112014e-49
-3.02265716e-49
-2.97419615e-49
-2.92573612e-49
-2.87727708e-49
-2.82881903e-49
-2.78036295e-49
-2.73190785e-49
-2.68345374e-49
-2.63500160e-49
-2.58655045e-49
-2.53810028e-49
-2.48965109e-49
-2.44120388e-49
-2.39275765e-49
-2.34431241e-49
-2.29586815e-49
-2.24742587e-49
-2.19898457e-49
-2.15054425e-49
-2.10210591e-49
-2.05366757e-49
-2.00523119e-49
-1.95679679e-49
-1.90836239e-49
-1.85992996e-49
-1.81149852e-49
-1.76306904e-49
-1.71463957e-49
-1.66621206e-49
-1.61778653e-49
-1.56936100e-49
-1.52093744e-49
-1.47251486e-49
-1.42409327e-49
-1.37567365e-49
-1.32725502e-49
-1.27883737e-49
-1.23042071e-49
-1.18200602e-49
-1.13359231e-49
-1.08517959e-49
-1.03676785e-49
-9.88358088e-50
-9.39949309e-50
-8.91541515e-50
-8.43135693e-50
-7.94730855e-50
-7.46327004e-50
-6.97924137e-50
-6.49523242e-50
-6.01123332e-50
-5.52724408e-50
-5.04326469e-50
-4.55930501e-50
-4.07535519e-50
-3.59141522e-50
-3.10749496e-50
-2.62357470e-50
-2.13967415e-50
-1.65579331e-50
-1.17191247e-50
-6.88051342e-51
-2.04200067e-51
2.79631499e-51
7.63463065e-51
1.24727492e-50
1.73106707e-50
2.21485922e-50
2.69863165e-50
3.18239424e-50
3.66614696e-50
4.14987998e-50
4.63360314e-50
5.11731645e-50
5.60101991e-50
6.08470365e-50
6.56837754e-50
7.05204157e-50
7.53569575e-50
8.01933022e-50
8.50295484e-50
8.98656960e-50
9.47016465e-50
9.95374985e-50
1.04373252e-49
1.09208907e-49
1.14044364e-49
1.18879822e-49
1.23714984e-49
1.28550147e-49
1.33385112e-49
1.38219978e-49
1.43054746e-49
1.47889415e-49
1.52723888e-49
1.57558261e-49
1.62392438e-49
1.67226615e-49
1.72060594e-49
1.76894475e-49
1.81728159e-49
1.86561843e-49
1.91395330e-49
1.96228718e-49
2.01061909e-49
2.05895002e-49
2.10727996e-49
2.15560891e-49
2.20393688e-49
2.25226288e-49
2.30058790e-49
2.34891094e-49
2.39723398e-49
2.44555505e-49
2.49387415e-49
2.54219325e-49
2.59051038e-49
2.63882653e-49
2.68714168e-49
2.73545586e-49
2.78376806e-49
2.83207928e-49
2.88038852e-49
2.92869777e-49
2.97700504e-49
3.02531133e-49
3.07361565e-49
3.12191997e-49
3.17022231e-49
3.21852269e-49
3.26682307e-49
3.31512147e-49
3.36341889e-49
3.41171533e-49
3.46000979e-49
3.50830327e-49
3.55659576e-49
3.60488727e-49
3.65317680e-49
3.70146535e-49
3.74975292e-49
3.79803851e-49
3.84632411e-49
3.89460773e-49
3.94288938e-49
3.99117103e-49
4.03945071e-49
4.08772941e-49
4.13600712e-49
4.18428286e-49
4.23255761e-49
4.28083138e-49
4.32910318e-49
4.37737498e-49
4.42564480e-49
4.47391266e-49
4.52218051e-49
4.57044640e-49
4.61871130e-49
4.66697521e-49
4.71523715e-49
4.76349811e-49
4.81175808e-49
4.86001707e-49
4.90827408e-49
4.95653011e-49
5.00478516e-49
5.05303823e-49
5.10129130e-49
5.14954240e-49
5.19779154e-49
5.24604067e-49
5.29428783e-49
5.34253400e-49
5.39077821e-49
5.43902241e-49
5.48726464e-49
5.53550490e-49
5.58374517e-49
5.63198346e-49
5.68022076e-49
5.72845708e-49
5.77669143e-49
5.82492578e-49
5.87315717e-49
5.92138857e-49
5.96961799e-49
6.01784741e-49
6.06607387e-49
6.11430034e-49
6.16252483e-49
6.21074834e-49
6.25897087e-49
6.30719240e-49
6.35541197e-49
6.40363055e-49
6.45184716e-49
6.50006377e-49
6.54827841e-49
6.59649207e-49
6.64470375e-49
6.69291543e-49
6.74112514e-49
6.78933288e-49
6.83754063e-49
6.88574640e-49
6.93395118e-49
6.98215498e-49
7.03035681e-49
7.07855765e-49
7.12675751e-49
7.17495639e-49
7.22315330e-49
7.27134926e-49
7.31954429e-49
7.36773852e-49
7.41593123e-49
7.46412405e-49
7.51231852e-49
7.56051707e-49
7.60872825e-49
7.65696808e-49
7.70526952e-49
7.75369736e-49
7.80237950e-49
7.85155326e-49
7.90164788e-49
7.95341343e-49
8.00812167e-49
8.06784994e-49
8.13587565e-49
8.21719233e-49
8.31912494e-49
8.45201524e-49
8.62988332e-49
8.87095887e-49
9.19783582e-49
9.63719921e-49
1.02187090e-48
1.09731743e-48
1.19297784e-48
1.31126368e-48
1.45369410e-48
1.62053430e-48
1.81049084e-48
2.02054514e-48
2.24598294e-48
2.48060311e-48
2.71713718e-48
2.94781295e-48
3.16501868e-48
3.36193302e-48
3.53307980e-48
3.67473284e-48
3.78507979e-48
3.86421618e-48
3.91392294e-48
3.93730282e-48
3.93835353e-48
3.92151357e-48
3.89125579e-48
3.85175750e-48
3.80667471e-48
3.75901731e-48
3.71111498e-48
3.66464580e-48
3.62071047e-48
3.57991697e-48
3.54245546e-48
3.50815881e-48
3.47653722e-48
3.44679956e-48
3.41787164e-48
3.38844005e-48
3.35701879e-48
3.32207148e-48
3.28215981e-48
3.23611942e-48
3.18322340e-48
3.12330446e-48
3.05679875e-48
2.98470508e-48
2.90844959e-48
2.82967278e-48
2.74998833e-48
2.67074194e-48
2.59282129e-48
2.51653993e-48
2.44162716e-48
2.36730749e-48
2.29245085e-48
2.21578782e-48
2.13612026e-48
2.05252393e-48
1.96451927e-48
1.87216013e-48
1.77607203e-48
1.67741443e-48
1.57777374e-48
1.47901826e-48
1.38311251e-48
1.29192310e-48
1.20702674e-48
1.12956074e-48
1.06011549e-48
9.98684677e-49
9.44691087e-49
8.97069771e-49
8.54406096e-49
8.15103547e-49
7.77572334e-49
7.40388325e-49
7.02432999e-49
6.62965868e-49
6.21646075e-49
5.78492960e-49
5.33803208e-49
4.88038072e-49
4.41711524e-49
3.95291559e-49
3.49129512e-49
3.03433924e-49
2.58279257e-49
2.13647958e-49
1.69488176e-49
1.25781646e-49
8.25980462e-50
4.01292370e-50
-1.30968183e-51
-4.13060011e-50
-7.94059908e-50
-1.15192361e-49
-1.48361549e-49
-1.78792970e-49
-2.06590617e-49
-2.32090030e-49
-2.55821180e-49
-2.78437961e-49
-3.00623035e-49
-3.22988486e-49
-3.45986794e-49
-3.69852256e-49
-3.94583280e-49
-4.19959407e-49
-4.45598030e-49
-4.71028302e-49
-4.95765911e-49
-5.19383803e-49
-5.41554848e-49
-5.62072425e-49
-5.80839597e-49
-5.97844023e-49
-6.13118590e-49
-6.26698864e-49
-6.38591568e-49
-6.48752399e-49
-6.57081341e-49
-6.63434717e-49
-6.67649362e-49
-6.69578905e-49
-6.69131724e-49
-6.66308295e-49
-6.61230150e-49
-6.54154701e-49
-6.45475170e-49
-6.35700556e-49
-6.25420107e-49
-6.15253646e-49
-6.05792645e-49
-5.97541892e-49
-5.90864126e-49
-5.85938927e-49
-5.82740520e-49
-5.81036453e-49
-5.80410948e-49
-5.80309140e-49
-5.80098053e-49
-5.79136474e-49
-5.76844918e-49
-5.72766465e-49
-5.66609953e-49
-5.58270679e-49
-5.47826201e-49
-5.35508124e-49
-5.21657188e-49
-5.06667712e-49
-4.90931562e-49
-4.74788343e-49
-4.58491444e-49
-4.42190393e-49
-4.25928913e-49
-4.09660501e-49
-3.93268296e-49
-3.76589735e-49
-3.59441014e-49
-3.41631760e-49
-3.22977290e-49
-3.03304889e-49
-2.82456965e-49
-2.60297878e-49
-2.36723364e-49
-2.11672050e-49
-1.85145060e-49
-1.57218573e-49
-1.28054126e-49
-9.79038830e-50
-6.70966500e-50
-3.60184654e-50
-5.08104302e-51
2.53172723e-50
5.48266189e-50
8.31775228e-50
1.10201191e-49
1.35838884e-49
1.60134704e-49
1.83218149e-49
2.05279011e-49
2.26537959e-49
2.47223021e-49
2.67542734e-49
2.87672925e-49
3.07750689e-49
3.27873384e-49
3.48106974e-49
3.68492447e-49
3.89058131e-49
4.09827978e-49
4.30824529e-49
4.52074475e-49
4.73607318e-49
4.95454714e-49
5.17651971e-49
5.40235388e-49
5.63249829e-49
5.86747786e-49
6.10794930e-49
6.35473170e-49
6.60881474e-49
6.87130069e-49
7.14338586e-49
7.42626603e-49
7.72106245e-49
8.02874601e-49
8.35010886e-49
8.68572034e-49
9.03596948e-49
9.40104405e-49
9.78101601e-49
1.01758359e-48
1.05853899e-48
1.10094427e-48
1.14476722e-48
1.18996520e-48
1.23647794e-48
1.28423380e-48
1.33314804e-48
1.38312713e-48
1.43407829e-48
1.48591446e-48
1.53856357e-48
1.59197509e-48
1.64612922e-48
1.70103690e-48
1.75674103e-48
1.81331219e-48
1.87084584e-48
1.92945016e-48
1.98923570e-48
2.05030850e-48
2.11275709e-48
2.17664687e-48
2.24201561e-48
2.30887876e-48
2.37723097e-48
2.44705637e-48
2.51833771e-48
2.59107093e-48
2.66526814e-48
2.74096018e-48
2.81820002e-48
2.89704219e-48
2.97754931e-48
3.05976457e-48
3.14370971e-48
3.22938598e-48
3.31677200e-48
3.40584257e-48
3.49658173e-48
3.58899269e-48
3.68313111e-48
3.77909179e-48
3.87702237e-48
3.97710474e-48
4.07953658e-48
4.18451576e-48
4.29221307e-48
4.40275778e-48
4.51622631e-48
4.63264847e-48
4.75200707e-48
4.87425131e-48
4.99930703e-48
5.12709594e-48
5.25753627e-48
5.39054668e-48
5.52605508e-48
5.66398892e-48
5.80427575e-48
5.94683954e-48
6.09161124e-48
6.23852497e-48
6.38752878e-48
6.53859145e-48
6.69172263e-48
6.84697364e-48
7.00444472e-48
7.16430151e-48
7.32674674e-48
7.49204833e-48
7.66049169e-48
7.83237271e-48
8.00798143e-48
8.18756319e-48
8.37131044e-48
8.55933819e-48
8.75165789e-48
8.94821572e-48
9.14885731e-48
9.35337596e-48
9.56151819e-48
9.77300764e-48
9.98758174e-48
1.02049990e-47
1.04250586e-47
1.06476041e-47
1.08725408e-47
1.10998193e-47
1.13294338e-47
1.15614089e-47
1.17958044e-47
1.20326916e-47
1.22721458e-47
1.25142550e-47
1.27591012e-47
1.30067629e-47
1.32573085e-47
1.35108105e-47
1.37673288e-47
1.40269131e-47
1.42895948e-47
1.45554002e-47
1.48243315e-47
1.50963641e-47
1.53714681e-47
1.56495684e-47
1.59305782e-47
1.62144004e-47
1.65008921e-47
1.67899058e-47
1.70812606e-47
1.73747738e-47
1.76702233e-47
1.79673909e-47
1.82660747e-47
1.85660686e-47
1.88672253e-47
1.91694539e-47
1.94727418e-47
1.97771983e-47
2.00830159e-47
2.03905415e-47
2.07001967e-47
2.10125139e-47
2.13280458e-47
2.16473972e-47
2.19711126e-47
2.22996903e-47
2.26335270e-47
2.29729020e-47
2.33180051e-47
2.36688975e-47
2.40256217e-47
2.43881718e-47
2.47565675e-47
2.51309155e-47
2.55114157e-47
2.58984176e-47
2.62924076e-47
2.66940126e-47
2.71039817e-47
2.75231500e-47
2.79524307e-47
2.83927546e-47
2.88450356e-47
2.93101706e-47
2.97889897e-47
3.02822505e-47
3.07906185e-47
3.13146940e-47
3.18549809e-47
3.24118845e-47
3.29857566e-47
3.35768090e-47
3.41851714e-47
3.48108775e-47
3.54537615e-47
3.61135149e-47
3.67895817e-47
3.74811852e-47
3.81871885e-47
3.89061569e-47
3.96362577e-47
4.03753193e-47
4.11207231e-47
4.18695065e-47
4.26183904e-47
4.33637236e-47
4.41016389e-47
4.48280453e-47
4.55386888e-47
4.62292603e-47
4.68954171e-47
4.75328542e-47
4.81374275e-47
4.87051351e-47
4.92322776e-47
4.97154654e-47
5.01517239e-47
5.05385140e-47
5.08737836e-47
5.11559887e-47
5.13841251e-47
5.15576813e-47
5.16766642e-47
5.17415212e-47
5.17531168e-47
5.17126669e-47
5.16216816e-47
5.14819080e-47
5.12952630e-47
5.10637845e-47
5.07895860e-47
5.04747955e-47
5.01215334e-47
4.97318774e-47
4.93078502e-47
4.88513800e-47
4.83643237e-47
4.78484662e-47
4.73055496e-47
4.67372628e-47
4.61453008e-47
4.55313913e-47
4.48972620e-47
4.42447518e-47
4.35756613e-47
4.28918696e-47
4.21952562e-47
4.14876552e-47
4.07708071e-47
4.00464220e-47
3.93160581e-47
3.85811737e-47
3.78431153e-47
3.71031438e-47
3.63624022e-47
3.56219761e-47
3.48829021e-47
3.41461253e-47
3.34125398e-47
3.26829630e-47
3.19581375e-47
3.12386744e-47
3.05250925e-47
2.98178212e-47
2.91171543e-47
2.84233731e-47
2.77366865e-47
2.70572601e-47
2.63853257e-47
2.57210998e-47
2.50648478e-47
2.44168797e-47
2.37774987e-47
2.31470257e-47
2.25257801e-47
2.19140142e-47
2.13119927e-47
2.07199003e-47
2.01379056e-47
1.95661179e-47
1.90046299e-47
1.84535108e-47
1.79128201e-47
1.73825750e-47
1.68627836e-47
1.63534328e-47
1.58544987e-47
1.53659176e-47
1.48876215e-47
1.44195424e-47
1.39615792e-47
1.35136702e-47
1.30757387e-47
1.26476978e-47
1.22295043e-47
1.18210964e-47
1.14224370e-47
1.10334696e-47
1.06541742e-47
1.02845063e-47
9.92443289e-48
9.57388957e-48
9.23282752e-48
8.90116445e-48
8.57878355e-48
8.26557242e-48
7.96137628e-48
7.66603250e-48
7.37934184e-48
7.10111277e-48
6.83112074e-48
6.56913793e-48
6.31490586e-48
6.06817384e-48
5.82866919e-48
5.59610410e-48
5.37021313e-48
5.15073015e-48
4.93742032e-48
4.73009144e-48
4.52859023e-48
4.33281988e-48
4.14273375e-48
3.95833060e-48
3.77962877e-48
3.60665980e-48
3.43944842e-48
3.27798132e-48
3.12221794e-48
2.97206312e-48
2.82736885e-48
2.68795989e-48
2.55362575e-48
2.42415232e-48
2.29932625e-48
2.17897021e-48
2.06293773e-48
1.95113377e-48
1.84350666e-48
1.74005020e-48
1.64079022e-48
1.54576889e-48
1.45502829e-48
1.36858602e-48
1.28642630e-48
1.20847892e-48
1.13462459e-48
1.06468357e-48
9.98430410e-49
9.35599373e-49
8.75910465e-49
8.19080000e-49
7.64839771e-49
7.12960074e-49
6.63253791e-49
6.15587589e-49
5.69882298e-49
5.26104798e-49
4.84260826e-49
4.44380600e-49
4.06505034e-49
3.70669815e-49
3.36897271e-49
3.05189842e-49
2.75526031e-49
2.47867950e-49
2.22163886e-49
1.98356988e-49
1.76396593e-49
1.56241525e-49
1.37866455e-49
1.21263175e-49
1.06438297e-49
9.34110774e-50
8.22085990e-50
7.28596054e-50
6.53904872e-50
5.98182049e-50
5.61446774e-50
5.43508934e-50
5.43896391e-50
5.61794938e-50
5.95996259e-50
6.44877497e-50
7.06421520e-50
7.78295751e-50
8.58005701e-50
9.43097130e-50
1.03143187e-49
1.12146949e-49
1.21255505e-49
1.30514720e-49
1.40097618e-49
1.50310244e-49
1.61589032e-49
1.74487222e-49
1.89659436e-49
2.07835373e-49
2.29792631e-49
2.56316707e-49
2.88148205e-49
3.25909771e-49
3.70014899e-49
4.20554396e-49
4.77176400e-49
5.38979763e-49
6.04431641e-49
6.71342661e-49
7.36911456e-49
7.97856118e-49
8.50616332e-49
8.91625346e-49
9.17617877e-49
9.25943333e-49
9.14839919e-49
8.83642984e-49
8.32891737e-49
7.64324510e-49
6.80757306e-49
5.85861640e-49
4.83857687e-49
3.79177805e-49
2.76121760e-49
1.78552603e-49
8.96529496e-50
1.17829940e-50
-5.35731125e-50
-1.05775714e-49
-1.44912302e-49
-1.71649857e-49
-1.87056957e-49
-1.92431643e-49
-1.89158534e-49
-1.78597491e-49
-1.62011724e-49
-1.40533734e-49
-1.15154765e-49
-8.67356370e-50
-5.60208186e-50
-2.36544745e-50
9.81436411e-51
4.39387131e-50
7.83990826e-50
1.13034231e-49
1.47888432e-49
1.83251774e-49
2.19680048e-49
2.57993201e-49
2.99227928e-49
3.44537641e-49
3.95059958e-49
4.51746317e-49
5.15190991e-49
5.85482087e-49
6.62110917e-49
7.43944646e-49
8.29294683e-49
9.16040463e-49
1.00183337e-48
1.08430645e-48
1.16129574e-48
1.23100659e-48
1.29214627e-48
1.34397937e-48
1.38631513e-48
1.41945844e-48
1.44411588e-48
1.46129545e-48
1.47221419e-48
1.47822509e-48
1.48077496e-48
1.48138948e-48
1.48167738e-48
1.48333993e-48
1.48817040e-48
1.49802982e-48
1.51479327e-48
1.54026681e-48
1.57608580e-48
1.62361446e-48
1.68385877e-48
1.75741290e-48
1.84444149e-48
1.94470342e-48
2.05758664e-48
2.18215199e-48
2.31715811e-48
2.46107314e-48
2.61204642e-48
2.76787695e-48
2.92600362e-48
3.08351230e-48
3.23721136e-48
3.38376667e-48
3.51991135e-48
3.64266051e-48
3.74958852e-48
3.83902086e-48
3.91021349e-48
3.96341767e-48
3.99985769e-48
4.02160850e-48
4.03139329e-48
4.03232188e-48
4.02760960e-48
4.02030652e-48
4.01307031e-48
4.00800604e-48
4.00658676e-48
4.00965707e-48
4.01751195e-48
4.03003236e-48
4.04685679e-48
4.06755864e-48
4.09181137e-48
4.11951602e-48
4.15087201e-48
4.18639455e-48
4.22686473e-48
4.27322825e-48
4.32646018e-48
4.38740951e-48
4.45665658e-48
4.53441390e-48
4.62046723e-48
4.71420343e-48
4.81469583e-48
4.92082458e-48
5.03144657e-48
5.14553435e-48
5.26228527e-48
5.38118089e-48
5.50196840e-48
5.62459734e-48
5.74911912e-48
5.87559283e-48
6.00399876e-48
6.13420131e-48
6.26597074e-48
6.39901439e-48
6.53306359e-48
6.66794018e-48
6.80357884e-48
6.94004361e-48
7.07746485e-48
7.21596714e-48
7.35554316e-48
7.49597091e-48
7.63672117e-48
7.77693265e-48
7.91541650e-48
8.05072152e-48
8.18123777e-48
8.30532595e-48
8.42147154e-48
8.52842182e-48
8.62533517e-48
8.71188608e-48
8.78837543e-48
8.85578582e-48
8.91581649e-48
8.97085679e-48
9.02392645e-48
9.07855365e-48
9.13859567e-48
9.20803077e-48
9.29070893e-48
9.39009647e-48
9.50903983e-48
9.64955115e-48
9.81265133e-48
9.99827110e-48
1.02052392e-47
1.04313236e-47
1.06733537e-47
1.09274341e-47
1.11891577e-47
1.14539276e-47
1.17172677e-47
1.19750913e-47
1.22240043e-47
1.24614780e-47
1.26859885e-47
1.28970022e-47
1.30949365e-47
1.32809904e-47
1.34569699e-47
1.36250507e-47
1.37876033e-47
1.39470295e-47
1.41056259e-47
1.42655371e-47
1.44287036e-47
1.45968633e-47
1.47715169e-47
1.49539347e-47
1.51451100e-47
1.53457422e-47
1.55561708e-47
1.57763735e-47
1.60059612e-47
1.62441662e-47
1.64899169e-47
1.67418795e-47
1.69985291e-47
1.72582420e-47
1.75193547e-47
1.77802407e-47
1.80393754e-47
1.82954242e-47
1.85473037e-47
1.87942685e-47
1.90359910e-47
1.92726541e-47
1.95049930e-47
1.97343538e-47
1.99626573e-47
2.01923890e-47
2.04264928e-47
2.06682461e-47
2.09211187e-47
2.11885789e-47
2.14738985e-47
2.17799764e-47
2.21090964e-47
2.24627773e-47
2.28416207e-47
2.32451563e-47
2.36718615e-47
2.41191899e-47
2.45837356e-47
2.50615341e-47
2.55483880e-47
2.60402711e-47
2.65337004e-47
2.70260763e-47
2.75158387e-47
2.80025032e-47
2.84865739e-47
2.89692719e-47
2.94522312e-47
2.99371747e-47
3.04256306e-47
3.09187868e-47
3.14173879e-47
3.19218254e-47
3.24322430e-47
3.29486566e-47
3.34712133e-47
3.40001813e-47
3.45360801e-47
3.50796170e-47
3.56316177e-47
3.61929693e-47
3.67644970e-47
3.73469083e-47
3.79407434e-47
3.85464031e-47
3.91641189e-47
3.97939750e-47
4.04358946e-47
4.10896710e-47
4.17549129e-47
4.24310408e-47
4.31173701e-47
4.38130682e-47
4.45174336e-47
4.52298995e-47
4.59503458e-47
4.66791312e-47
4.74173723e-47
4.81668062e-47
4.89298408e-47
4.97093171e-47
5.05082662e-47
5.13295843e-47
5.21757727e-47
5.30486170e-47
5.39489938e-47
5.48768393e-47
5.58311206e-47
5.68099873e-47
5.78109722e-47
5.88313375e-47
5.98683258e-47
6.09194678e-47
6.19829449e-47
6.30576479e-47
6.41434385e-47
6.52411852e-47
6.63525588e-47
6.74800324e-47
6.86265306e-47
6.97952655e-47
7.09892683e-47
7.22112782e-47
7.34633849e-47
7.47469941e-47
7.60625582e-47
7.74097310e-47
7.87874426e-47
8.01938512e-47
8.16267054e-47
8.30834116e-47
8.45612193e-47
8.60574951e-47
8.75697999e-47
8.90960697e-47
9.06347123e-47
9.21848074e-47
9.37460840e-47
9.53189567e-47
9.69046189e-47
9.85048902e-47
1.00122142e-46
1.01759141e-46
1.03418803e-46
1.05104068e-46
1.06817497e-46
1.08561216e-46
1.10336448e-46
1.12143583e-46
1.13982122e-46
1.15850469e-46
1.17746330e-46
1.19666773e-46
1.21608506e-46
1.23568368e-46
1.25543318e-46
1.27531178e-46
1.29530392e-46
1.31540511e-46
1.33561816e-46
1.35595669e-46
1.37643842e-46
1.39708594e-46
1.41792222e-46
1.43896860e-46
1.46024249e-46
1.48175788e-46
1.50352356e-46
1.52554622e-46
1.54782852e-46
1.57037355e-46
1.59318337e-46
1.61626160e-46
1.63960947e-46
1.66322745e-46
1.68711358e-46
1.71125878e-46
1.73564897e-46
1.76026238e-46
1.78506971e-46
1.81003681e-46
1.83512503e-46
1.86029421e-46
1.88550489e-46
1.91072246e-46
1.93591775e-46
1.96106895e-46
1.98616167e-46
2.01119013e-46
2.03615453e-46
2.06105944e-46
2.08591368e-46
2.11072725e-46
2.13551101e-46
2.16027597e-46
2.18503542e-46
2.20980443e-46
2.23460153e-46
2.25944907e-46
2.28437493e-46
2.30941027e-46
2.33458777e-46
2.35994140e-46
2.38550012e-46
2.41128870e-46
2.43732625e-46
2.46362266e-46
2.49018341e-46
2.51700913e-46
2.54410144e-46
2.57146250e-46
2.59910154e-46
2.62703738e-46
2.65529635e-46
2.68391664e-46
2.71294520e-46
2.74243616e-46
2.77245081e-46
2.80305377e-46
2.83431178e-46
2.86629149e-46
2.89906021e-46
2.93268295e-46
2.96722221e-46
3.00273635e-46
3.03928109e-46
3.07690658e-46
3.11565678e-46
3.15557145e-46
3.19668371e-46
3.23902094e-46
3.28260427e-46
3.32745183e-46
3.37357675e-46
3.42098873e-46
3.46969375e-46
3.51969791e-46
3.57100531e-46
3.62361901e-46
3.67754661e-46
3.73279378e-46
3.78937222e-46
3.84730097e-46
3.90659977e-46
3.96729742e-46
4.02942467e-46
4.09301886e-46
4.15811193e-46
4.22473482e-46
4.29291382e-46
4.36265786e-46
4.43396442e-46
4.50681023e-46
4.58114815e-46
4.65690980e-46
4.73399992e-46
4.81229783e-46
4.89165667e-46
4.97191004e-46
5.05286908e-46
5.13432623e-46
5.21605535e-46
5.29781819e-46
5.37935995e-46
5.46040941e-46
5.54068396e-46
5.61988453e-46
5.69769793e-46
5.77379704e-46
5.84785036e-46
5.91951409e-46
5.98845516e-46
6.05434162e-46
6.11686210e-46
6.17572728e-46
6.23067796e-46
6.28148918e-46
6.32797680e-46
6.36999470e-46
6.40743889e-46
6.44023957e-46
6.46836368e-46
6.49180747e-46
6.51059540e-46
6.52477358e-46
6.53441025e-46
6.53959239e-46
6.54042584e-46
6.53703470e-46
6.52956184e-46
6.51816888e-46
6.50303589e-46
6.48435870e-46
6.46234697e-46
6.43721749e-46
6.40919189e-46
6.37848728e-46
6.34530909e-46
6.30984922e-46
6.27227653e-46
6.23273652e-46
6.19134973e-46
6.14821382e-46
6.10340385e-46
6.05698045e-46
6.00899023e-46
5.95947821e-46
5.90848570e-46
5.85605930e-46
5.80224788e-46
5.74711122e-46
5.69071270e-46
5.63311702e-46
5.57439474e-46
5.51461074e-46
5.45382620e-46
5.39209651e-46
5.32946633e-46
5.26597370e-46
5.20165043e-46
5.13652627e-46
5.07062852e-46
5.00399014e-46
4.93665363e-46
4.86866838e-46
4.80010229e-46
4.73103334e-46
4.66154792e-46
4.59174647e-46
4.52172916e-46
4.45159712e-46
4.38144806e-46
4.31136811e-46
4.24143375e-46
4.17171052e-46
4.10224713e-46
4.03308667e-46
3.96425929e-46
3.89578407e-46
3.82767939e-46
3.75995432e-46
3.69261567e-46
3.62566905e-46
3.55911562e-46
3.49295740e-46
3.42719687e-46
3.36183943e-46
3.29689028e-46
3.23235942e-46
3.16826219e-46
3.10461407e-46
3.04144005e-46
2.97876606e-46
2.91661841e-46
2.85503088e-46
2.79403472e-46
2.73366448e-46
2.67395099e-46
2.61492990e-46
2.55663371e-46
2.49909168e-46
2.44233685e-46
2.38639700e-46
2.33129895e-46
2.27706767e-46
2.22372098e-46
2.17127675e-46
2.11974563e-46
2.06913127e-46
2.01943699e-46
1.97066015e-46
1.92279320e-46
1.87583086e-46
1.82976384e-46
1.78458348e-46
1.74028105e-46
1.69684854e-46
1.65427564e-46
1.61255297e-46
1.57166722e-46
1.53160700e-46
1.49235658e-46
1.45390020e-46
1.41621832e-46
1.37929362e-46
1.34310677e-46
1.30763724e-46
1.27286843e-46
1.23878289e-46
1.20536566e-46
1.17260422e-46
1.14048623e-46
1.10900133e-46
1.07813997e-46
1.04789385e-46
1.01825397e-46
9.89212941e-47
9.60764885e-47
9.32906752e-47
9.05637165e-47
8.78958517e-47
8.52876734e-47
8.27398924e-47
8.02533943e-47
7.78290489e-47
7.54676296e-47
7.31695597e-47
7.09350022e-47
6.87637857e-47
6.66554565e-47
6.46091634e-47
6.26238086e-47
6.06980364e-47
5.88300503e-47
5.70179023e-47
5.52590445e-47
5.35507301e-47
5.18899130e-47
5.02732914e-47
4.86976026e-47
4.71596671e-47
4.56566751e-47
4.41863154e-47
4.27468985e-47
4.13374570e-47
3.99576751e-47
3.86079507e-47
3.72893298e-47
3.60033357e-47
3.47519531e-47
3.35374857e-47
3.23624527e-47
3.12293664e-47
3.01406388e-47
2.90983634e-47
2.81041311e-47
2.71587670e-47
2.62622220e-47
2.54134468e-47
2.46102866e-47
2.38495726e-47
2.31272236e-47
2.24384617e-47
2.17780310e-47
2.11405439e-47
2.05207789e-47
1.99139895e-47
1.93161201e-47
1.87240322e-47
1.81356055e-47
1.75497070e-47
1.69661360e-47
1.63854358e-47
1.58086685e-47
1.52371070e-47
1.46720886e-47
1.41146981e-47
1.35657991e-47
1.30259363e-47
1.24954678e-47
1.19746974e-47
1.14640491e-47
1.09641731e-47
1.04760576e-47
1.00010233e-47
9.54060642e-48
9.09643364e-48
8.67001942e-48
8.26257809e-48
7.87482997e-48
7.50691137e-48
7.15831044e-48
6.82788165e-48
6.51388903e-48
6.21414032e-48
5.92613786e-48
5.64724633e-48
5.37492349e-48
5.10694041e-48
4.84161035e-48
4.57796656e-48
4.31591562e-48
4.05628189e-48
3.80075778e-48
3.55172333e-48
3.31200473e-48
3.08455425e-48
2.87209509e-48
2.67685255e-48
2.50027141e-48
2.34292257e-48
2.20445404e-48
2.08365273e-48
1.97859584e-48
1.88682054e-48
1.80553091e-48
1.73176056e-48
1.66251457e-48
1.59487407e-48
1.52603811e-48
1.45334658e-48
1.37427585e-48
1.28642363e-48
1.18751376e-48
1.07541915e-48
9.48222749e-49
8.04305923e-49
6.42488335e-49
4.62188010e-49
2.63605313e-49
4.78904530e-50
-1.82685644e-49
-4.24615686e-49
-6.73128949e-49
-9.22230939e-49
-1.16488059e-48
-1.39328742e-48
-1.59935880e-48
-1.77519799e-48
-1.91375030e-48
-2.00937121e-48
-2.05840664e-48
-2.05960670e-48
-2.01436649e-48
-1.92673191e-48
-1.80314511e-48
-1.65196179e-48
-1.48275160e-48
-1.30551251e-48
-1.12980761e-48
-9.64013565e-49
-8.14697875e-49
-6.86272339e-49
-5.80873278e-49
-4.98550480e-49
-4.37662187e-49
-3.95440735e-49
-3.68612322e-49
-3.53987956e-49
-3.48942714e-49
-3.51728361e-49
-3.61597628e-49
-3.78747463e-49
-4.04111047e-49
-4.39052457e-49
-4.85008158e-49
-5.43135305e-49
-6.13998344e-49
-6.97334084e-49
-7.91912796e-49
-8.95504104e-49
-1.00495873e-48
-1.11637150e-48
-1.22534069e-48
-1.32724794e-48
-1.41758702e-48
-1.49224982e-48
-1.54778929e-48
-1.58160435e-48
-1.59207787e-48
-1.57863649e-48
-1.54175924e-48
-1.48293475e-48
-1.40457354e-48
-1.30987422e-48
-1.20262987e-48
-1.08699210e-48
-9.67179978e-49
-8.47161160e-49
-7.30318957e-49
-6.19167294e-49
-5.15125021e-49
-4.18395446e-49
-3.27956756e-49
-2.41686460e-49
-1.56586965e-49
-6.90899451e-50
2.45754394e-50
1.27998762e-49
2.44204255e-49
3.75303093e-49
5.22177854e-49
6.84240744e-49
8.59272967e-49
1.04339163e-48
1.23113438e-48
1.41571616e-48
1.58947132e-48
1.74443384e-48
1.87305840e-48
1.96899356e-48
2.02782946e-48
2.04769246e-48
2.02961304e-48
1.97757783e-48
1.89822838e-48
1.80023431e-48
1.69340869e-48
1.58767100e-48
1.49203785e-48
1.41373263e-48
1.35758406e-48
1.32578058e-48
1.31798019e-48
1.33177157e-48
1.36338217e-48
1.40851613e-48
1.46320088e-48
1.52450577e-48
1.59105138e-48
1.66323210e-48
1.74314438e-48
1.83423304e-48
1.94070643e-48
2.06680981e-48
2.21602821e-48
2.39036272e-48
2.58971955e-48
2.81158648e-48
3.05096652e-48
3.30067516e-48
3.55191337e-48
3.79506353e-48
4.02068820e-48
4.22041687e-48
4.38779494e-48
4.51882976e-48
4.61224897e-48
4.66943513e-48
4.69405578e-48
4.69149048e-48
4.66813879e-48
4.63070802e-48
4.58556650e-48
4.53821418e-48
4.49288798e-48
4.45230886e-48
4.41754028e-48
4.38793825e-48
4.36117376e-48
4.33331767e-48
4.29900097e-48
4.25165631e-48
4.18387599e-48
4.08787903e-48
3.95609233e-48
3.78184012e-48
3.56003608e-48
3.28786483e-48
2.96533365e-48
2.59558280e-48
2.18501129e-48
1.74295176e-48
1.28122545e-48
8.13345572e-49
3.53591737e-49
-8.39538355e-50
-4.86241869e-49
-8.42069763e-49
-1.14259476e-48
-1.38168135e-48
-1.55603374e-48
-1.66516657e-48
-1.71120016e-48
-1.69855070e-48
-1.63349198e-48
-1.52361668e-48
-1.37721628e-48
-1.20260597e-48
-1.00752054e-48
-7.98592838e-49
-5.81105706e-49
-3.59012830e-49
-1.35319166e-49
8.72788836e-50
3.05595030e-49
5.15216368e-49
7.09960038e-49
8.81840601e-49
1.02146977e-48
1.11904535e-48
1.16565703e-48
1.15477089e-48
1.08353221e-48
9.53667108e-49
7.71770044e-49
5.48914947e-49
2.99619152e-49
4.04189581e-50
-2.11857148e-49
-4.41644785e-49
-6.36031676e-49
-7.85638057e-49
-8.85100321e-49
-9.33017840e-49
-9.31583137e-49
-8.85917200e-49
-8.03270939e-49
-6.92184360e-49
-5.61675201e-49
-4.20540752e-49
-2.76771116e-49
-1.37151930e-49
-6.98673476e-51
1.09987442e-49
2.11570313e-49
2.96923458e-49
3.66345850e-49
4.20978828e-49
4.62518913e-49
4.92943573e-49
5.14288166e-49
5.28478197e-49
5.37222123e-49
5.41954715e-49
5.43826552e-49
5.43721131e-49
5.42290421e-49
5.39997934e-49
5.37161411e-49
5.33991561e-49
5.30623267e-49
5.27140225e-49
5.23592795e-49
5.20010104e-49
5.16408837e-49
5.12798051e-49
5.09182407e-49
5.05564544e-49
5.01945631e-49
4.98326350e-49
4.94706911e-49
4.91087447e-49
4.87468016e-49
4.83848644e-49
4.80229419e-49
4.76610268e-49
4.72991193e-49
4.69372271e-49
4.65753427e-49
4.62134659e-49
4.58515968e-49
4.54897431e-49
4.51278972e-49
4.47660589e-49
4.44042360e-49
4.40424132e-49
4.36806057e-49
4.33188137e-49
