# Generated by CAESAR Pro Ultimate
# Gas: NO2
# Math: Dynamic-ILS-Applied
6.44697365e-19
6.48319421e-19
6.51204965e-19
6.53356315e-19
6.54806938e-19
6.55615977e-19
6.55860979e-19
6.55629745e-19
6.55012571e-19
6.54095371e-19
6.52954425e-19
6.51652558e-19
6.50236947e-19
6.48738580e-19
6.47172643e-19
6.45540346e-19
6.43831664e-19
6.42028775e-19
6.40110234e-19
6.38055131e-19
6.35846988e-19
6.33476640e-19
6.30944160e-19
6.28259239e-19
6.25439960e-19
6.22510704e-19
6.19499045e-19
6.16432385e-19
6.13334835e-19
6.10224419e-19
6.07111601e-19
6.03998291e-19
6.00878688e-19
5.97740309e-19
5.94566225e-19
5.91338227e-19
5.88039361e-19
5.84656964e-19
5.81184852e-19
5.77624344e-19
5.73985124e-19
5.70283782e-19
5.66543261e-19
5.62790506e-19
5.59055516e-19
5.55369227e-19
5.51763515e-19
5.48270133e-19
5.44920698e-19
5.41746253e-19
5.38776284e-19
5.36038125e-19
5.33555398e-19
5.31347053e-19
5.29427139e-19
5.27804749e-19
5.26485316e-19
5.25472230e-19
5.24769128e-19
5.24381773e-19
5.24319699e-19
5.24597087e-19
5.25232785e-19
5.26249587e-19
5.27672773e-19
5.29528135e-19
5.31839187e-19
5.34623690e-19
5.37889252e-19
5.41628424e-19
5.45813078e-19
5.50389387e-19
5.55274095e-19
5.60353783e-19
5.65487141e-19
5.70511643e-19
5.75254514e-19
5.79546131e-19
5.83235372e-19
5.86204407e-19
5.88381395e-19
5.89748823e-19
5.90347161e-19
5.90273138e-19
5.89672992e-19
5.88731552e-19
5.87658346e-19
5.86671852e-19
5.85983407e-19
5.85781743e-19
5.86219331e-19
5.87401519e-19
5.89378955e-19
5.92144378e-19
5.95632729e-19
5.99725723e-19
6.04258946e-19
6.09031475e-19
6.13816831e-19
6.18375200e-19
6.22465544e-19
6.25858391e-19
6.28349012e-19
6.29769946e-19
6.30002981e-19
6.28989025e-19
6.26734513e-19
6.23313156e-19
6.18862283e-19
6.13572984e-19
6.07676309e-19
6.01424621e-19
5.95071734e-19
5.88854296e-19
5.82973733e-19
5.77583310e-19
5.72779353e-19
5.68597347e-19
5.65013824e-19
5.61952599e-19
5.59295256e-19
5.56894589e-19
5.54590331e-19
5.52225283e-19
5.49660422e-19
5.46787921e-19
5.43540357e-19
5.39895508e-19
5.35875964e-19
5.31544526e-19
5.26995565e-19
5.22344111e-19
5.17713738e-19
5.13225812e-19
5.08990502e-19
5.05100987e-19
5.01630699e-19
4.98634193e-19
4.96150149e-19
4.94205722e-19
4.92821674e-19
4.92016774e-19
4.91811110e-19
4.92227880e-19
4.93293688e-19
4.95037350e-19
4.97487852e-19
5.00671178e-19
5.04607295e-19
5.09307047e-19
5.14768624e-19
5.20975759e-19
5.27895754e-19
5.35478828e-19
5.43659121e-19
5.52355849e-19
5.61475748e-19
5.70915143e-19
5.80563549e-19
5.90303469e-19
6.00010067e-19
6.09550966e-19
6.18784218e-19
6.27557828e-19
6.35710915e-19
6.43078669e-19
6.49498812e-19
6.54823871e-19
6.58932118e-19
6.61740831e-19
6.63215918e-19
6.63378109e-19
6.62303922e-19
6.60121218e-19
6.57000212e-19
6.53141431e-19
6.48761894e-19
6.44081934e-19
6.39313154e-19
6.34648518e-19
6.30254095e-19
6.26263166e-19
6.22771374e-19
6.19833380e-19
6.17460899e-19
6.15623375e-19
6.14251415e-19
6.13243842e-19
6.12478781e-19
6.11827938e-19
6.11173023e-19
6.10422293e-19
6.09525051e-19
6.08481719e-19
6.07347721e-19
6.06230008e-19
6.05276426e-19
6.04658749e-19
6.04551381e-19
6.05108533e-19
6.06442534e-19
6.08606433e-19
6.11582571e-19
6.15279459e-19
6.19536359e-19
6.24136087e-19
6.28822775e-19
6.33324392e-19
6.37375550e-19
6.40737876e-19
6.43217215e-19
6.44673985e-19
6.45027362e-19
6.44253125e-19
6.42376480e-19
6.39461380e-19
6.35599273e-19
6.30897785e-19
6.25472804e-19
6.19441678e-19
6.12921599e-19
6.06028207e-19
5.98876920e-19
5.91584034e-19
5.84266503e-19
5.77042075e-19
5.70026030e-19
5.63327582e-19
5.57046260e-19
5.51266295e-19
5.46053068e-19
5.41449475e-19
5.37474590e-19
5.34124189e-19
5.31372365e-19
5.29176699e-19
5.27483893e-19
5.26237341e-19
5.25384885e-19
5.24886097e-19
5.24718308e-19
5.24880308e-19
5.25393265e-19
5.26298650e-19
5.27653285e-19
5.29522177e-19
5.31970355e-19
5.35054272e-19
5.38815024e-19
5.43273793e-19
5.48429640e-19
5.54261511e-19
5.60731930e-19
5.67792574e-19
5.75390624e-19
5.83473185e-19
5.91989821e-19
6.00892996e-19
6.10133724e-19
6.19657248e-19
6.29396507e-19
6.39264377e-19
6.49149653e-19
6.58912946e-19
6.68386012e-19
6.77374502e-19
6.85662328e-19
6.93019408e-19
6.99211396e-19
7.04011808e-19
7.07214667e-19
7.08648370e-19
7.08189188e-19
7.05773173e-19
7.01405701e-19
6.95166775e-19
6.87212849e-19
6.77772024e-19
6.67135581e-19
6.55643119e-19
6.43666456e-19
6.31587938e-19
6.19780583e-19
6.08586870e-19
5.98301602e-19
5.89157509e-19
5.81316013e-19
5.74862599e-19
5.69809289e-19
5.66100182e-19
5.63622334e-19
5.62219542e-19
5.61706708e-19
5.61884549e-19
5.62552294e-19
5.63517589e-19
5.64602929e-19
5.65648694e-19
5.66513379e-19
5.67072149e-19
5.67214819e-19
5.66844659e-19
5.65878835e-19
5.64250828e-19
5.61914760e-19
5.58850507e-19
5.55069334e-19
5.50617420e-19
5.45577661e-19
5.40067471e-19
5.34233617e-19
5.28243331e-19
5.22273066e-19
5.16495296e-19
5.11066863e-19
5.06116747e-19
5.01739252e-19
4.97988947e-19
4.94881065e-19
4.92395297e-19
4.90482849e-19
4.89075245e-19
4.88093892e-19
4.87458670e-19
4.87094750e-19
4.86937230e-19
4.86933400e-19
4.87043150e-19
4.87238188e-19
4.87500787e-19
4.87822681e-19
4.88204476e-19
4.88655641e-19
4.89194757e-19
4.89849581e-19
4.90656396e-19
4.91657878e-19
4.92899501e-19
4.94424269e-19
4.96266027e-19
4.98442784e-19
5.00950430e-19
5.03758879e-19
5.06810697e-19
5.10024209e-19
5.13300173e-19
5.16531190e-19
5.19613864e-19
5.22460322e-19
5.25008219e-19
5.27227388e-19
5.29121590e-19
5.30725667e-19
5.32098409e-19
5.33312728e-19
5.34444719e-19
5.35563835e-19
5.36725571e-19
5.37967704e-19
5.39309947e-19
5.40756522e-19
5.42300455e-19
5.43927892e-19
5.45621473e-19
5.47361774e-19
5.49126841e-19
5.50889891e-19
5.52616425e-19
5.54261695e-19
5.55769883e-19
5.57075527e-19
5.58108011e-19
5.58798938e-19
5.59091443e-19
5.58950664e-19
5.58373294e-19
5.57394800e-19
5.56092460e-19
5.54583362e-19
5.53016701e-19
5.51561500e-19
5.50390437e-19
5.49662559e-19
5.49507115e-19
5.50010491e-19
5.51208396e-19
5.53083841e-19
5.55571100e-19
5.58564281e-19
5.61929158e-19
5.65516153e-19
5.69173116e-19
5.72755849e-19
5.76136415e-19
5.79208769e-19
5.81892450e-19
5.84134226e-19
5.85908785e-19
5.87218451e-19
5.88091489e-19
5.88579090e-19
5.88750563e-19
5.88686797e-19
5.88472477e-19
5.88187995e-19
5.87902364e-19
5.87668242e-19
5.87520048e-19
5.87475320e-19
5.87538770e-19
5.87707810e-19
5.87977929e-19
5.88346364e-19
5.88812871e-19
5.89377425e-19
5.90035253e-19
5.90770729e-19
5.91551659e-19
5.92326084e-19
5.93022574e-19
5.93554868e-19
5.93830285e-19
5.93760938e-19
5.93275961e-19
5.92332904e-19
5.90926467e-19
5.89093531e-19
5.86913466e-19
5.84504400e-19
5.82015005e-19
5.79613434e-19
5.77474626e-19
5.75766117e-19
5.74634638e-19
5.74193717e-19
5.74513463e-19
5.75613367e-19
5.77458789e-19
5.79961892e-19
5.82986698e-19
5.86359213e-19
5.89880778e-19
5.93344636e-19
5.96552596e-19
5.99331587e-19
6.01546683e-19
6.03109280e-19
6.03980380e-19
6.04167765e-19
6.03718698e-19
6.02709373e-19
6.01233149e-19
5.99389486e-19
5.97275134e-19
5.94978264e-19
5.92576167e-19
5.90135722e-19
5.87715643e-19
5.85370226e-19
5.83152348e-19
5.81115864e-19
5.79316767e-19
5.77812076e-19
5.76657512e-19
5.75903620e-19
5.75591058e-19
5.75745904e-19
5.76375573e-19
5.77466324e-19
5.78982717e-19
5.80869702e-19
5.83057036e-19
5.85465165e-19
5.88012624e-19
5.90622825e-19
5.93229834e-19
5.95782330e-19
5.98244873e-19
6.00597107e-19
6.02831164e-19
6.04948372e-19
6.06955698e-19
6.08863077e-19
6.10681909e-19
6.12424016e-19
6.14101425e-19
6.15725468e-19
6.17304594e-19
6.18841160e-19
6.20326586e-19
6.21736345e-19
6.23025294e-19
6.24125415e-19
6.24946454e-19
6.25380145e-19
6.25308224e-19
6.24612912e-19
6.23188837e-19
6.20954449e-19
6.17861998e-19
6.13903560e-19
6.09114412e-19
6.03571051e-19
5.97386980e-19
5.90703110e-19
5.83678397e-19
5.76476678e-19
5.69254739e-19
5.62150478e-19
5.55273191e-19
5.48696171e-19
5.42453942e-19
5.36542387e-19
5.30924477e-19
5.25537807e-19
5.20306097e-19
5.15150671e-19
5.10002771e-19
5.04812574e-19
4.99555752e-19
4.94236966e-19
4.88888172e-19
4.83564800e-19
4.78339078e-19
4.73291734e-19
4.68504205e-19
4.64051302e-19
4.59995763e-19
4.56384737e-19
4.53249301e-19
4.50606116e-19
4.48461426e-19
4.46816521e-19
4.45674310e-19
4.45045490e-19
4.44953409e-19
4.45436692e-19
4.46548646e-19
4.48353190e-19
4.50917696e-19
4.54303253e-19
4.58553930e-19
4.63686437e-19
4.69682329e-19
4.76483067e-19
4.83989469e-19
4.92065994e-19
5.00547908e-19
5.09251735e-19
5.17986851e-19
5.26568129e-19
5.34825507e-19
5.42615055e-19
5.49823897e-19
5.56375581e-19
5.62230550e-19
5.67384429e-19
5.71863173e-19
5.75716045e-19
5.79006107e-19
5.81800157e-19
5.84159021e-19
5.86128946e-19
5.87735817e-19
5.88982513e-19
5.89849827e-19
5.90300324e-19
5.90284689e-19
5.89749304e-19
5.88644065e-19
5.86929350e-19
5.84581389e-19
5.81596150e-19
5.77990669e-19
5.73802992e-19
5.69090298e-19
5.63925191e-19
5.58391254e-19
5.52577238e-19
5.46570819e-19
5.40451809e-19
5.34286797e-19
5.28124973e-19
5.21995879e-19
5.15910670e-19
5.09865677e-19
5.03848503e-19
4.97844862e-19
4.91847036e-19
4.85858917e-19
4.79901733e-19
4.74014916e-19
4.68255940e-19
4.62697530e-19
4.57423860e-19
4.52525952e-19
4.48098105e-19
4.44234753e-19
4.41028038e-19
4.38566600e-19
4.36934264e-19
4.36208609e-19
4.36458802e-19
4.37742708e-19
4.40102934e-19
4.43562640e-19
4.48120685e-19
4.53748046e-19
4.60385317e-19
4.67940893e-19
4.76292871e-19
4.85291686e-19
4.94765240e-19
5.04526451e-19
5.14380881e-19
5.24135707e-19
5.33608142e-19
5.42633646e-19
5.51071211e-19
5.58807028e-19
5.65756094e-19
5.71860501e-19
5.77086674e-19
5.81421438e-19
5.84868470e-19
5.87444519e-19
5.89178045e-19
5.90107477e-19
5.90280972e-19
5.89755425e-19
5.88594811e-19
5.86867272e-19
5.84640861e-19
5.81978782e-19
5.78934742e-19
5.75549114e-19
5.71847269e-19
5.67839909e-19
5.63525721e-19
5.58895423e-19
5.53937322e-19
5.48642734e-19
5.43011010e-19
5.37052962e-19
5.30793506e-19
5.24272509e-19
5.17543841e-19
5.10674124e-19
5.03740224e-19
4.96826591e-19
4.90021950e-19
4.83417039e-19
4.77102169e-19
4.71165541e-19
4.65691571e-19
4.60760323e-19
4.56446648e-19
4.52818890e-19
4.49938142e-19
4.47855895e-19
4.46611908e-19
4.46231828e-19
4.46724543e-19
4.48080381e-19
4.50270294e-19
4.53245972e-19
4.56941757e-19
4.61277793e-19
4.66163447e-19
4.71502349e-19
4.77196464e-19
4.83149959e-19
4.89272683e-19
4.95481032e-19
5.01699994e-19
5.07861364e-19
5.13903660e-19
5.19769267e-19
5.25403859e-19
5.30753253e-19
5.35762934e-19
5.40376843e-19
5.44537593e-19
5.48188176e-19
5.51274145e-19
5.53748337e-19
5.55576316e-19
5.56742704e-19
5.57258404e-19
5.57166913e-19
5.56549393e-19
5.55527303e-19
5.54261925e-19
5.52950267e-19
5.51817295e-19
5.51104654e-19
5.51056811e-19
5.51905198e-19
5.53851664e-19
5.57052292e-19
5.61602819e-19
5.67526754e-19
5.74767973e-19
5.83187647e-19
5.92567032e-19
6.02617176e-19
6.12992191e-19
6.23309993e-19
6.33175342e-19
6.42203190e-19
6.50044258e-19
6.56405837e-19
6.61069266e-19
6.63901972e-19
6.64862426e-19
6.63999026e-19
6.61442356e-19
6.57392192e-19
6.52099784e-19
6.45847197e-19
6.38926717e-19
6.31619568e-19
6.24178765e-19
6.16815803e-19
6.09692146e-19
6.02917213e-19
5.96550849e-19
5.90610087e-19
5.85077937e-19
5.79913779e-19
5.75062996e-19
5.70465071e-19
5.66059689e-19
5.61789927e-19
5.57605214e-19
5.53461508e-19
5.49320639e-19
5.45149501e-19
5.40918116e-19
5.36598634e-19
5.32163384e-19
5.27583854e-19
5.22830980e-19
5.17875205e-19
5.12688679e-19
5.07248168e-19
5.01538270e-19
4.95556273e-19
4.89314391e-19
4.82843400e-19
4.76192918e-19
4.69429914e-19
4.62635132e-19
4.55898725e-19
4.49312941e-19
4.42966004e-19
4.36935844e-19
4.31285333e-19
4.26058868e-19
4.21281791e-19
4.16960839e-19
4.13087533e-19
4.09641640e-19
4.06596687e-19
4.03925287e-19
4.01605415e-19
3.99625739e-19
3.97990887e-19
3.96725970e-19
3.95879381e-19
3.95524335e-19
3.95758222e-19
3.96699737e-19
3.98483633e-19
4.01253096e-19
4.05149970e-19
4.10303738e-19
4.16819327e-19
4.24765323e-19
4.34163295e-19
4.44980403e-19
4.57124552e-19
4.70444265e-19
4.84734229e-19
4.99743743e-19
5.15189902e-19
5.30772720e-19
5.46192485e-19
5.61164461e-19
5.75432612e-19
5.88779247e-19
6.01031483e-19
6.12061443e-19
6.21783255e-19
6.30147399e-19
6.37130860e-19
6.42730260e-19
6.46952924e-19
6.49812987e-19
6.51330248e-19
6.51532151e-19
6.50458595e-19
6.48167272e-19
6.44738303e-19
6.40274877e-19
6.34900930e-19
6.28752992e-19
6.21969437e-19
6.14677790e-19
6.06982325e-19
5.98955884e-19
5.90636449e-19
5.82030342e-19
5.73120750e-19
5.63881894e-19
5.54294717e-19
5.44362335e-19
5.34121329e-19
5.23648796e-19
5.13062268e-19
5.02512415e-19
4.92171647e-19
4.82218374e-19
4.72820563e-19
4.64119733e-19
4.56219342e-19
4.49176764e-19
4.43000518e-19
4.37651697e-19
4.33050152e-19
4.29083069e-19
4.25615093e-19
4.22500125e-19
4.19591618e-19
4.16753519e-19
4.13868882e-19
4.10846792e-19
4.07627359e-19
4.04183654e-19
4.00521324e-19
3.96675893e-19
3.92706862e-19
3.88692034e-19
3.84719783e-19
3.80882563e-19
3.77271016e-19
3.73969160e-19
3.71051337e-19
3.68579865e-19
3.66603387e-19
3.65155246e-19
3.64252149e-19
3.63892754e-19
3.64056863e-19
3.64705737e-19
3.65784089e-19
3.67223920e-19
3.68950244e-19
3.70887797e-19
3.72967972e-19
3.75134696e-19
3.77348437e-19
3.79587238e-19
3.81845050e-19
3.84127537e-19
3.86446516e-19
3.88813752e-19
3.91235702e-19
3.93710260e-19
3.96225313e-19
3.98760349e-19
4.01289759e-19
4.03786953e-19
4.06229310e-19
4.08601614e-19
4.10898350e-19
4.13123349e-19
4.15288066e-19
4.17408071e-19
4.19498661e-19
4.21571423e-19
4.23631668e-19
4.25678084e-19
4.27704872e-19
4.29705490e-19
4.31678617e-19
4.33633616e-19
4.35596091e-19
4.37610872e-19
4.39743226e-19
4.42076182e-19
4.44705864e-19
4.47734172e-19
4.51260458e-19
4.55373619e-19
4.60144440e-19
4.65621611e-19
4.71828290e-19
4.78762172e-19
4.86397215e-19
4.94685117e-19
5.03557593e-19
5.12926325e-19
5.22681994e-19
5.32691912e-19
5.42797136e-19
5.52811491e-19
5.62521881e-19
5.71693054e-19
5.80077334e-19
5.87427338e-19
5.93512534e-19
5.98136678e-19
6.01154497e-19
6.02484255e-19
6.02115530e-19
6.00110317e-19
5.96597679e-19
5.91762256e-19
5.85828175e-19
5.79041584e-19
5.71651431e-19
5.63893460e-19
5.55976168e-19
5.48072968e-19
5.40316712e-19
5.32800429e-19
5.25579917e-19
5.18680455e-19
5.12102542e-19
5.05828536e-19
4.99829079e-19
4.94066494e-19
4.88498332e-19
4.83079460e-19
4.77763526e-19
4.72505412e-19
4.67264089e-19
4.62005915e-19
4.56709763e-19
4.51370653e-19
4.46003949e-19
4.40647023e-19
4.35359549e-19
4.30220964e-19
4.25325921e-19
4.20777583e-19
4.16681296e-19
4.13136657e-19
4.10232623e-19
4.08042810e-19
4.06623911e-19
4.06015977e-19
4.06244759e-19
4.07325573e-19
4.09268040e-19
4.12080787e-19
4.15775741e-19
4.20370772e-19
4.25890624e-19
4.32365509e-19
4.39828061e-19
4.48307674e-19
4.57823974e-19
4.68379352e-19
4.79952568e-19
4.92492027e-19
5.05911004e-19
5.20085910e-19
5.34853037e-19
5.50012721e-19
5.65329028e-19
5.80535300e-19
5.95340532e-19
6.09437308e-19
6.22509386e-19
6.34244752e-19
6.44346813e-19
6.52547998e-19
6.58623242e-19
6.62403381e-19
6.63786068e-19
6.62744806e-19
6.59334049e-19
6.53689766e-19
6.46024950e-19
6.36619838e-19
6.25806180e-19
6.13948280e-19
6.01420877e-19
5.88585105e-19
5.75768940e-19
5.63248108e-19
5.51234326e-19
5.39871784e-19
5.29237132e-19
5.19348110e-19
5.10175241e-19
5.01655089e-19
4.93704675e-19
4.86233583e-19
4.79152899e-19
4.72382957e-19
4.65856487e-19
4.59521722e-19
4.53343241e-19
4.47303330e-19
4.41402679e-19
4.35661157e-19
4.30117616e-19
4.24829508e-19
4.19870705e-19
4.15327951e-19
4.11295329e-19
4.07867906e-19
4.05134035e-19
4.03167122e-19
4.02018345e-19
4.01709853e-19
4.02230395e-19
4.03533268e-19
4.05537246e-19
4.08130340e-19
4.11176505e-19
4.14523692e-19
4.18013810e-19
4.21492009e-19
4.24815746e-19
4.27861340e-19
4.30529308e-19
4.32746904e-19
4.34468262e-19
4.35673377e-19
4.36365180e-19
4.36566042e-19
4.36313633e-19
4.35656796e-19
4.34651523e-19
4.33357281e-19
4.31834254e-19
4.30141192e-19
4.28334444e-19
4.26468377e-19
4.24596304e-19
4.22772443e-19
4.21053790e-19
4.19501260e-19
4.18179791e-19
4.17156499e-19
4.16496946e-19
4.16259622e-19
4.16489472e-19
4.17211251e-19
4.18424091e-19
4.20098122e-19
4.22174436e-19
4.24568546e-19
4.27176820e-19
4.29886107e-19
4.32584113e-19
4.35170075e-19
4.37562965e-19
4.39707338e-19
4.41574571e-19
4.43160431e-19
4.44478790e-19
4.45553191e-19
4.46407687e-19
4.47058773e-19
4.47510067e-19
4.47750649e-19
4.47757612e-19
4.47502196e-19
4.46958408e-19
4.46112365e-19
4.44970335e-19
4.43563995e-19
4.41951153e-19
4.40211714e-19
4.38439405e-19
4.36729678e-19
4.35166423e-19
4.33809068e-19
4.32682234e-19
4.31769909e-19
4.31014854e-19
4.30323619e-19
4.29576420e-19
4.28640646e-19
4.27386056e-19
4.25699585e-19
4.23498365e-19
4.20738866e-19
4.17421736e-19
4.13592636e-19
4.09338122e-19
4.04779052e-19
4.00061718e-19
3.95347841e-19
3.90805419e-19
3.86600290e-19
3.82888787e-19
3.79812695e-19
3.77494182e-19
3.76031997e-19
3.75497881e-19
3.75932428e-19
3.77341351e-19
3.79691980e-19
3.82911241e-19
3.86885545e-19
3.91463649e-19
3.96463419e-19
4.01680863e-19
4.06903230e-19
4.11922301e-19
4.16548434e-19
4.20621993e-19
4.24021960e-19
4.26670273e-19
4.28532138e-19
4.29612035e-19
4.29947793e-19
4.29602670e-19
4.28657828e-19
4.27205645e-19
4.25344627e-19
4.23175983e-19
4.20801265e-19
4.18320910e-19
4.15832616e-19
4.13428927e-19
4.11194187e-19
4.09200332e-19
4.07502158e-19
4.06132395e-19
4.05097725e-19
4.04376112e-19
4.03916295e-19
4.03639778e-19
4.03445480e-19
4.03216653e-19
4.02829497e-19
4.02162659e-19
4.01106648e-19
3.99572336e-19
3.97497697e-19
3.94852622e-19
3.91641417e-19
3.87903263e-19
3.83710465e-19
3.79165562e-19
3.74396989e-19
3.69553293e-19
3.64797644e-19
3.60300462e-19
3.56232351e-19
3.52757502e-19
3.50026301e-19
3.48169670e-19
3.47293868e-19
3.47477037e-19
3.48766688e-19
3.51178649e-19
3.54697114e-19
3.59275295e-19
3.64836826e-19
3.71277635e-19
3.78469258e-19
3.86261597e-19
3.94488638e-19
4.02974636e-19
4.11540121e-19
4.20010497e-19
4.28223335e-19
4.36033552e-19
4.43319006e-19
4.49981951e-19
4.55949086e-19
4.61169512e-19
4.65612114e-19
4.69262091e-19
4.72119081e-19
4.74195560e-19
4.75517298e-19
4.76123651e-19
4.76067836e-19
4.75415710e-19
4.74242601e-19
4.72627747e-19
4.70647306e-19
4.68366296e-19
4.65831724e-19
4.63067951e-19
4.60075422e-19
4.56833876e-19
4.53309304e-19
4.49464108e-19
4.45268485e-19
4.40712061e-19
4.35813250e-19
4.30625333e-19
4.25237708e-19
4.19773014e-19
4.14379514e-19
4.09219531e-19
4.04456351e-19
4.00240044e-19
3.96694574e-19
3.93907300e-19
3.91922911e-19
3.90741665e-19
3.90322516e-19
3.90590464e-19
3.91447198e-19
3.92783325e-19
3.94490853e-19
3.96474068e-19
3.98657778e-19
4.00991971e-19
4.03452940e-19
4.06040248e-19
4.08771794e-19
4.11675783e-19
4.14782838e-19
4.18117559e-19
4.21691295e-19
4.25496311e-19
4.29502184e-19
4.33653831e-19
4.37871905e-19
4.42055634e-19
4.46087177e-19
4.49838215e-19
4.53177919e-19
4.55982183e-19
4.58142637e-19
4.59575240e-19
4.60227247e-19
4.60081342e-19
4.59156926e-19
4.57507691e-19
4.55216374e-19
4.52386563e-19
4.49133234e-19
4.45572716e-19
4.41812999e-19
4.37946086e-19
4.34042496e-19
4.30148233e-19
4.26285561e-19
4.22455439e-19
4.18642643e-19
4.14822844e-19
4.10969222e-19
4.07059646e-19
4.03082422e-19
3.99040051e-19
3.94951444e-19
3.90851721e-19
3.86790349e-19
3.82827540e-19
3.79030354e-19
3.75468306e-19
3.72209061e-19
3.69315777e-19
3.66844725e-19
3.64844877e-19
3.63359152e-19
3.62426387e-19
3.62084721e-19
3.62375060e-19
3.63344221e-19
3.65046852e-19
3.67545306e-19
3.70907203e-19
3.75199939e-19
3.80482686e-19
3.86796346e-19
3.94152361e-19
4.02522606e-19
4.11830302e-19
4.21946106e-19
4.32686822e-19
4.43822563e-19
4.55086923e-19
4.66193926e-19
4.76854966e-19
4.86799280e-19
4.95790849e-19
5.03640058e-19
5.10212223e-19
5.15427869e-19
5.19258429e-19
5.21718118e-19
5.22853353e-19
5.22732865e-19
5.21439694e-19
5.19066021e-19
5.15711122e-19
5.11481757e-19
5.06493203e-19
5.00871094e-19
4.94750717e-19
4.88274735e-19
4.81589823e-19
4.74839990e-19
4.68160797e-19
4.61672425e-19
4.55475446e-19
4.49646238e-19
4.44235783e-19
4.39268885e-19
4.34746113e-19
4.30645354e-19
4.26924887e-19
4.23527421e-19
4.20383574e-19
4.17416687e-19
4.14547167e-19
4.11697565e-19
4.08796415e-19
4.05782002e-19
4.02604348e-19
3.99226569e-19
3.95623997e-19
3.91782448e-19
3.87696250e-19
3.83365037e-19
3.78791760e-19
3.73981234e-19
3.68939485e-19
3.63674860e-19
3.58199762e-19
3.52533230e-19
3.46703178e-19
3.40748915e-19
3.34722326e-19
3.28688060e-19
3.22721841e-19
3.16908379e-19
3.11337184e-19
3.06099282e-19
3.01282235e-19
2.96966944e-19
2.93224790e-19
2.90115674e-19
2.87687685e-19
2.85977389e-19
2.85010720e-19
2.84804512e-19
2.85367566e-19
2.86701730e-19
2.88802180e-19
2.91657453e-19
2.95248766e-19
2.99549015e-19
3.04521966e-19
3.10120941e-19
3.16287938e-19
3.22952745e-19
3.30032896e-19
3.37433152e-19
3.45045777e-19
3.52751897e-19
3.60422636e-19
3.67921818e-19
3.75109571e-19
3.81846962e-19
3.88002257e-19
3.93456991e-19
3.98113445e-19
4.01900985e-19
4.04781436e-19
4.06753543e-19
4.07853547e-19
4.08154051e-19
4.07759334e-19
4.06798294e-19
4.05415240e-19
4.03759585e-19
4.01975267e-19
4.00190857e-19
3.98510923e-19
3.97009604e-19
3.95726366e-19
3.94664347e-19
3.93791229e-19
3.93042844e-19
3.92329160e-19
3.91542439e-19
3.90567351e-19
3.89291860e-19
3.87618685e-19
3.85475400e-19
3.82823025e-19
3.79660624e-19
3.76027129e-19
3.71997924e-19
3.67678243e-19
3.63193141e-19
3.58675771e-19
3.54254902e-19
3.50044180e-19
3.46133473e-19
3.42583212e-19
3.39422769e-19
3.36651747e-19
3.34244044e-19
3.32153445e-19
3.30320299e-19
3.28677918e-19
3.27158160e-19
3.25696325e-19
3.24234457e-19
3.22723826e-19
3.21126781e-19
3.19417685e-19
3.17583938e-19
3.15626478e-19
3.13560579e-19
3.11415787e-19
3.09235781e-19
3.07076976e-19
3.05006558e-19
3.03098690e-19
3.01429835e-19
3.00073367e-19
2.99093322e-19
2.98538819e-19
2.98439304e-19
2.98801456e-19
2.99608184e-19
3.00819726e-19
3.02376617e-19
3.04204156e-19
3.06217353e-19
3.08325905e-19
3.10438764e-19
3.12467597e-19
3.14329628e-19
3.15949863e-19
3.17263111e-19
3.18216179e-19
3.18770063e-19
3.18902323e-19
3.18608963e-19
3.17905540e-19
3.16826806e-19
3.15424950e-19
3.13766036e-19
3.11925460e-19
3.09982767e-19
3.08016451e-19
3.06100059e-19
3.04298846e-19
3.02668806e-19
3.01256280e-19
3.00099168e-19
2.99227992e-19
2.98667453e-19
2.98437007e-19
2.98550911e-19
2.99017331e-19
2.99836754e-19
3.01000076e-19
3.02486542e-19
3.04262291e-19
3.06279308e-19
3.08475968e-19
3.10778455e-19
3.13103978e-19
3.15364669e-19
3.17473052e-19
3.19347654e-19
3.20918292e-19
3.22131194e-19
3.22952483e-19
3.23370322e-19
3.23395365e-19
3.23059501e-19
3.22413249e-19
3.21522037e-19
3.20461636e-19
3.19313282e-19
3.18158645e-19
3.17075082e-19
3.16131400e-19
3.15384728e-19
3.14878622e-19
3.14642739e-19
3.14694298e-19
3.15041058e-19
3.15685530e-19
3.16629854e-19
3.17880538e-19
3.19452368e-19
3.21370858e-19
3.23673023e-19
3.26406051e-19
3.29624289e-19
3.33385190e-19
3.37743553e-19
3.42746191e-19
3.48426222e-19
3.54796717e-19
3.61846307e-19
3.69534115e-19
3.77787185e-19
3.86497569e-19
3.95523634e-19
4.04693026e-19
4.13807298e-19
4.22651993e-19
4.31007279e-19
4.38661326e-19
4.45424990e-19
4.51144975e-19
4.55715747e-19
4.59087921e-19
4.61272566e-19
4.62340042e-19
4.62414177e-19
4.61661784e-19
4.60278489e-19
4.58472380e-19
4.56447001e-19
4.54385148e-19
4.52435412e-19
4.50702339e-19
4.49241292e-19
4.48058202e-19
4.47114346e-19
4.46335076e-19
4.45621479e-19
4.44863357e-19
4.43951992e-19
4.42791069e-19
4.41304476e-19
4.39440741e-19
4.37173412e-19
4.34498345e-19
4.31429230e-19
4.27991515e-19
4.24217359e-19
4.20141256e-19
4.15798551e-19
4.11224884e-19
4.06457608e-19
4.01538602e-19
3.96515563e-19
3.91443281e-19
3.86382839e-19
3.81398648e-19
3.76554603e-19
3.71908995e-19
3.67509676e-19
3.63389830e-19
3.59565960e-19
3.56037489e-19
3.52788478e-19
3.49790677e-19
3.47007992e-19
3.44401052e-19
3.41931332e-19
3.39564845e-19
3.37274511e-19
3.35041430e-19
3.32854751e-19
3.30711104e-19
3.28612442e-19
3.26564505e-19
3.24574427e-19
3.22649209e-19
3.20794576e-19
3.19014631e-19
3.17312075e-19
3.15689213e-19
3.14148869e-19
3.12695643e-19
3.11336308e-19
3.10080033e-19
3.08937676e-19
3.07920855e-19
3.07040305e-19
3.06304421e-19
3.05717756e-19
3.05279996e-19
3.04985312e-19
3.04822247e-19
3.04774057e-19
3.04819432e-19
3.04933510e-19
3.05089046e-19
3.05257621e-19
3.05410876e-19
3.05521674e-19
3.05565153e-19
3.05519781e-19
3.05368355e-19
3.05099049e-19
3.04706502e-19
3.04192871e-19
3.03568793e-19
3.02853927e-19
3.02077096e-19
3.01275464e-19
3.00493016e-19
2.99778042e-19
2.99180149e-19
2.98746760e-19
2.98519856e-19
2.98533319e-19
2.98811163e-19
2.99367075e-19
3.00205236e-19
3.01322427e-19
3.02710971e-19
3.04362201e-19
3.06269813e-19
3.08432750e-19
3.10856718e-19
3.13554257e-19
3.16543350e-19
3.19843729e-19
3.23472610e-19
3.27439362e-19
3.31739574e-19
3.36350865e-19
3.41229229e-19
3.46307572e-19
3.51496755e-19
3.56688103e-19
3.61757991e-19
3.66574168e-19
3.71001658e-19
3.74910297e-19
3.78181356e-19
3.80713400e-19
3.82428466e-19
3.83276611e-19
3.83239770e-19
3.82334112e-19
3.80610497e-19
3.78152764e-19
3.75073537e-19
3.71507285e-19
3.67601624e-19
3.63507165e-19
3.59366727e-19
3.55306510e-19
3.51428316e-19
3.47805439e-19
3.44482553e-19
3.41478074e-19
3.38790299e-19
3.36404707e-19
3.34302479e-19
3.32467505e-19
3.30891855e-19
3.29578661e-19
3.28541490e-19
3.27801185e-19
3.27380216e-19
3.27295659e-19
3.27551997e-19
3.28134763e-19
3.29006281e-19
3.30103983e-19
3.31342060e-19
3.32616142e-19
3.33810340e-19
3.34806319e-19
3.35492614e-19
3.35773411e-19
3.35575548e-19
3.34852950e-19
3.33588153e-19
3.31790853e-19
3.29494420e-19
3.26750378e-19
3.23622679e-19
3.20181654e-19
3.16499609e-19
3.12646784e-19
3.08688980e-19
3.04686842e-19
3.00694794e-19
2.96761181e-19
2.92927983e-19
2.89229954e-19
2.85693865e-19
2.82337156e-19
2.79166760e-19
2.76178068e-19
2.73355061e-19
2.70671219e-19
2.68091722e-19
2.65576552e-19
2.63084750e-19
2.60578898e-19
2.58029300e-19
2.55417735e-19
2.52739784e-19
2.50005671e-19
2.47239143e-19
2.44475075e-19
2.41755557e-19
2.39125357e-19
2.36627076e-19
2.34297238e-19
2.32163358e-19
2.30242390e-19
2.28541354e-19
2.27058659e-19
2.25787303e-19
2.24717983e-19
2.23842155e-19
2.23154489e-19
2.22654034e-19
2.22344257e-19
2.22231873e-19
2.22324876e-19
2.22630189e-19
2.23151432e-19
2.23887172e-19
2.24829905e-19
2.25965981e-19
2.27276215e-19
2.28737123e-19
2.30322436e-19
2.32004759e-19
2.33756825e-19
2.35552518e-19
2.37367436e-19
2.39179287e-19
2.40967852e-19
2.42715000e-19
2.44404854e-19
2.46023804e-19
2.47560713e-19
2.49006990e-19
2.50356623e-19
2.51605777e-19
2.52752276e-19
2.53794857e-19
2.54732491e-19
2.55563735e-19
2.56286514e-19
2.56898404e-19
2.57397326e-19
2.57782725e-19
2.58056981e-19
2.58226840e-19
2.58304512e-19
2.58308304e-19
2.58262442e-19
2.58196106e-19
2.58141639e-19
2.58132108e-19
2.58198466e-19
2.58366642e-19
2.58654871e-19
2.59071525e-19
2.59613696e-19
2.60266518e-19
2.61003311e-19
2.61786456e-19
2.62569016e-19
2.63296910e-19
2.63911787e-19
2.64354495e-19
2.64569137e-19
2.64507446e-19
2.64133296e-19
2.63426771e-19
2.62387312e-19
2.61035327e-19
2.59411855e-19
2.57575863e-19
2.55599616e-19
2.53562247e-19
2.51542477e-19
2.49611224e-19
2.47825544e-19
2.46224389e-19
2.44826816e-19
2.43633318e-19
2.42629119e-19
2.41789939e-19
2.41088331e-19
2.40500075e-19
2.40009629e-19
2.39613693e-19
2.39322733e-19
2.39160150e-19
2.39159649e-19
2.39361278e-19
2.39806858e-19
2.40535592e-19
2.41580414e-19
2.42965637e-19
2.44705919e-19
2.46806700e-19
2.49265773e-19
2.52075966e-19
2.55228016e-19
2.58713693e-19
2.62528439e-19
2.66673613e-19
2.71157221e-19
2.75993591e-19
2.81202040e-19
2.86803702e-19
2.92817739e-19
2.99256718e-19
3.06122623e-19
3.13401658e-19
3.21062783e-19
3.29054254e-19
3.37304502e-19
3.45722425e-19
3.54199499e-19
3.62612255e-19
3.70825877e-19
3.78696880e-19
3.86077750e-19
3.92820300e-19
3.98782310e-19
4.03833498e-19
4.07863838e-19
4.10791070e-19
4.12569013e-19
4.13193025e-19
4.12702871e-19
4.11181243e-19
4.08747971e-19
4.05550099e-19
4.01749126e-19
3.97506726e-19
3.92971825e-19
3.88269555e-19
3.83495324e-19
3.78712127e-19
3.73953454e-19
3.69228808e-19
3.64532103e-19
3.59850278e-19
3.55171255e-19
3.50490151e-19
3.45812622e-19
3.41156239e-19
3.36548529e-19
3.32024207e-19
3.27619712e-19
3.23368321e-19
3.19294481e-19
3.15410112e-19
3.11711235e-19
3.08177125e-19
3.04772004e-19
3.01447805e-19
2.98149405e-19
2.94820520e-19
2.91409531e-19
2.87874994e-19
2.84189430e-19
2.80341383e-19
2.76335157e-19
2.72189306e-19
2.67933607e-19
2.63605668e-19
2.59247294e-19
2.54902060e-19
2.50613522e-19
2.46424122e-19
2.42375386e-19
2.38508164e-19
2.34863082e-19
2.31480404e-19
2.28399927e-19
2.25660055e-19
2.23296604e-19
2.21341153e-19
2.19819656e-19
2.18750875e-19
2.18144897e-19
2.18001930e-19
2.18311096e-19
2.19049379e-19
2.20180886e-19
2.21656460e-19
2.23413979e-19
2.25379499e-19
2.27469649e-19
2.29594908e-19
2.31664013e-19
2.33589285e-19
2.35291780e-19
2.36706779e-19
2.37788171e-19
2.38511484e-19
2.38875603e-19
2.38902400e-19
2.38634689e-19
2.38132583e-19
2.37468634e-19
2.36722356e-19
2.35974590e-19
2.35302444e-19
2.34775127e-19
2.34451061e-19
2.34376359e-19
2.34584533e-19
2.35097173e-19
2.35925200e-19
2.37070104e-19
2.38525147e-19
2.40275940e-19
2.42300817e-19
2.44570779e-19
2.47049277e-19
2.49693064e-19
2.52452573e-19
2.55274043e-19
2.58101738e-19
2.60880986e-19
2.63561742e-19
2.66101802e-19
2.68469916e-19
2.70648138e-19
2.72633433e-19
2.74437875e-19
2.76087795e-19
2.77621829e-19
2.79087679e-19
2.80538222e-19
2.82027127e-19
2.83604397e-19
2.85312446e-19
2.87182696e-19
2.89233537e-19
2.91468936e-19
2.93878671e-19
2.96439271e-19
2.99115243e-19
3.01861376e-19
3.04624585e-19
3.07345933e-19
3.09962808e-19
3.12410354e-19
3.14624004e-19
3.16541056e-19
3.18103335e-19
3.19259992e-19
3.19970547e-19
3.20207982e-19
3.19961895e-19
3.19240894e-19
3.18074124e-19
3.16511459e-19
3.14621995e-19
3.12491119e-19
3.10215751e-19
3.07898948e-19
3.05643178e-19
3.03544054e-19
3.01684076e-19
3.00127893e-19
2.98918408e-19
2.98075059e-19
2.97593679e-19
2.97448371e-19
2.97594917e-19
2.97975527e-19
2.98524480e-19
2.99173939e-19
2.99859703e-19
3.00525841e-19
3.01128346e-19
3.01636995e-19
3.02035843e-19
3.02321921e-19
3.02502892e-19
3.02593687e-19
3.02612741e-19
3.02578159e-19
3.02504192e-19
3.02398261e-19
3.02258737e-19
3.02073520e-19
3.01819543e-19
3.01463118e-19
3.00961317e-19
3.00264214e-19
2.99318102e-19
2.98069475e-19
2.96469589e-19
2.94479025e-19
2.92072117e-19
2.89240087e-19
2.85993375e-19
2.82361404e-19
2.78391178e-19
2.74143447e-19
2.69688597e-19
2.65100684e-19
2.60452615e-19
2.55811247e-19
2.51234413e-19
2.46769066e-19
2.42451095e-19
2.38305911e-19
2.34350806e-19
2.30596403e-19
2.27048483e-19
2.23709661e-19
2.20579377e-19
2.17653687e-19
2.14924886e-19
2.12380128e-19
2.10001009e-19
2.07763487e-19
2.05638530e-19
2.03594253e-19
2.01598299e-19
1.99621022e-19
1.97638955e-19
1.95637198e-19
1.93611301e-19
1.91567402e-19
1.89521170e-19
1.87495269e-19
1.85515909e-19
1.83609076e-19
1.81796805e-19
1.80094472e-19
1.78509064e-19
1.77038634e-19
1.75673125e-19
1.74395975e-19
1.73186298e-19
1.72021108e-19
1.70877505e-19
1.69734379e-19
1.68573539e-19
1.67380663e-19
1.66145614e-19
