# Generated by CAESAR Pro Ultimate
# Gas: H2O-HITRAN
# Math: Dynamic-ILS-Applied
1.07782281e-07
1.04891251e-07
1.02107604e-07
9.93943488e-08
9.67029947e-08
9.39970576e-08
9.12686751e-08
8.85443115e-08
8.58782557e-08
8.33366847e-08
8.09784039e-08
7.88370277e-08
7.69106168e-08
7.51611725e-08
7.35229477e-08
7.19177007e-08
7.02719591e-08
6.85318635e-08
6.66724043e-08
6.46990956e-08
6.26427119e-08
6.05489906e-08
5.84668464e-08
5.64379366e-08
5.44900170e-08
5.26356094e-08
5.08752237e-08
4.92037625e-08
4.76177852e-08
4.61211000e-08
4.47272429e-08
4.34575874e-08
4.23361274e-08
4.13817125e-08
4.06003879e-08
3.99798497e-08
3.94873563e-08
3.90721976e-08
3.86720734e-08
3.82220907e-08
3.76645785e-08
3.69574177e-08
3.60796686e-08
3.50331293e-08
3.38403190e-08
3.25389172e-08
3.11748012e-08
2.97941785e-08
2.84369086e-08
2.71316314e-08
2.58932805e-08
2.47234837e-08
2.36129089e-08
2.25454055e-08
2.15030157e-08
2.04705203e-08
1.94392169e-08
1.84088561e-08
1.73879374e-08
1.63919616e-08
1.54404893e-08
1.45536577e-08
1.37485218e-08
1.30363313e-08
1.24208816e-08
1.18981691e-08
1.14573697e-08
1.10827047e-08
1.07558541e-08
1.04584248e-08
1.01741529e-08
9.89049453e-09
9.59951098e-09
9.29799700e-09
8.98699791e-09
8.67081389e-09
8.35566882e-09
8.04829447e-09
7.75455850e-09
7.47835586e-09
7.22088842e-09
6.98050095e-09
6.75304941e-09
6.53277292e-09
6.31347679e-09
6.08982903e-09
5.85846069e-09
5.61863495e-09
5.37238574e-09
5.12406884e-09
4.87947127e-09
4.64466060e-09
4.42491180e-09
4.22379470e-09
4.04276637e-09
3.88113299e-09
3.73646093e-09
3.60523111e-09
3.48359173e-09
3.36802515e-09
3.25582654e-09
3.14530662e-09
3.03572399e-09
2.92702828e-09
2.81949002e-09
2.71334011e-09
2.60850003e-09
2.50448358e-09
2.40046446e-09
2.29547722e-09
2.18871869e-09
2.07981942e-09
1.96904925e-09
1.85740583e-09
1.74652409e-09
1.63847636e-09
1.53547556e-09
1.43954644e-09
1.35224817e-09
1.27447759e-09
1.20639453e-09
1.14746406e-09
1.09661006e-09
1.05242977e-09
1.01342881e-09
9.78241552e-10
9.45792722e-10
9.15385079e-10
8.86703174e-10
8.59748390e-10
8.34719671e-10
8.11871869e-10
7.91378733e-10
7.73231479e-10
7.57185377e-10
7.42762920e-10
7.29305332e-10
7.16059455e-10
7.02276263e-10
6.87300640e-10
6.70639353e-10
6.51997167e-10
6.31283756e-10
6.08596070e-10
5.84189958e-10
5.58446479e-10
5.31837039e-10
5.04896885e-10
4.78192794e-10
4.52292572e-10
4.27735121e-10
4.04992019e-10
3.84436868e-10
3.66319166e-10
3.50748870e-10
3.37698076e-10
3.27016388e-10
3.18458018e-10
3.11725180e-10
3.06507406e-10
3.02518235e-10
2.99529763e-10
2.97394828e-10
2.96055921e-10
2.95541395e-10
2.95950949e-10
2.97434586e-10
3.00170893e-10
3.04350390e-10
3.10170983e-10
3.17848589e-10
3.27645049e-10
3.39910401e-10
3.55134686e-10
3.73997812e-10
3.97408461e-10
4.26523797e-10
4.62739467e-10
5.07652987e-10
5.63002504e-10
6.30597096e-10
7.12240310e-10
8.09666224e-10
9.24484197e-10
1.05813866e-09
1.21184702e-09
1.38651362e-09
1.58261344e-09
1.80001226e-09
2.03777564e-09
2.29398943e-09
2.56568188e-09
2.84886140e-09
3.13877049e-09
3.43034384e-09
3.71887482e-09
4.00074939e-09
4.27417496e-09
4.53975622e-09
4.80068646e-09
5.06257047e-09
5.33272261e-09
5.61897479e-09
5.92822577e-09
6.26481293e-09
6.62911549e-09
7.01654142e-09
7.41732484e-09
7.81715127e-09
8.19858797e-09
8.54329646e-09
8.83449438e-09
9.05936428e-09
9.21095259e-09
9.28916159e-09
9.30076891e-09
9.25839326e-09
9.17869843e-09
9.08013865e-09
8.98058942e-09
8.89525613e-09
8.83502398e-09
8.80543661e-09
8.80630406e-09
8.83192728e-09
8.87187458e-09
8.91223725e-09
8.93726194e-09
8.93121983e-09
8.88034722e-09
8.77462371e-09
8.60915150e-09
8.38493660e-09
8.10896580e-09
7.79346100e-09
7.45460836e-09
7.11077104e-09
6.78065034e-09
6.48158951e-09
6.22826258e-09
6.03193909e-09
5.90026920e-09
5.83752409e-09
5.84510328e-09
5.92212370e-09
6.06588625e-09
6.27214124e-09
6.53506949e-09
6.84711761e-09
7.19876127e-09
7.57831024e-09
7.97205300e-09
8.36468782e-09
8.74018903e-09
9.08306797e-09
9.37983473e-09
9.62054450e-09
9.80017899e-09
9.91955519e-09
9.98566375e-09
1.00112115e-08
1.00134006e-08
1.00120581e-08
1.00273279e-08
1.00772508e-08
1.01755759e-08
1.03301051e-08
1.05417915e-08
1.08046727e-08
1.11066270e-08
1.14307517e-08
1.17571980e-08
1.20652698e-08
1.23355036e-08
1.25517553e-08
1.27030640e-08
1.27852470e-08
1.28021867e-08
1.27665984e-08
1.27001821e-08
1.26330142e-08
1.26020728e-08
1.26489231e-08
1.28166623e-08
1.31463647e-08
1.36733544e-08
1.44236944e-08
1.54114234e-08
1.66366681e-08
1.80853373e-08
1.97302801e-08
2.15336615e-08
2.34509383e-08
2.54351320e-08
2.74414912e-08
2.94312879e-08
3.13746112e-08
3.32515982e-08
3.50520007e-08
3.67734340e-08
3.84182862e-08
3.99903786e-08
4.14912200e-08
4.29172500e-08
4.42577015e-08
4.54941311e-08
4.66012391e-08
4.75497344e-08
4.83104064e-08
4.88594314e-08
4.91838348e-08
4.92863522e-08
4.91885805e-08
4.89315914e-08
4.85736730e-08
4.81852856e-08
4.78423207e-08
4.76187806e-08
4.75806777e-08
4.77823896e-08
4.82662543e-08
4.90652895e-08
5.02078275e-08
5.17221856e-08
5.36392963e-08
5.59910825e-08
5.88037905e-08
6.20863995e-08
6.58162665e-08
6.99244452e-08
7.42850432e-08
7.87118558e-08
8.29653232e-08
8.67695835e-08
8.98389572e-08
9.19101270e-08
9.27740916e-08
9.23037438e-08
9.04709257e-08
8.73510591e-08
8.31139652e-08
7.80035860e-08
7.23093472e-08
6.63359480e-08
6.03737790e-08
5.46758352e-08
4.94434441e-08
4.48189364e-08
4.08869996e-08
3.76808087e-08
3.51909246e-08
3.33753894e-08
3.21687541e-08
3.14897270e-08
3.12472530e-08
3.13455803e-08
3.16886388e-08
3.21842439e-08
3.27482545e-08
3.33083757e-08
3.38072617e-08
3.42044597e-08
3.44767437e-08
3.46168617e-08
3.46308489e-08
3.45343793e-08
3.43487604e-08
3.40972120e-08
3.38019254e-08
3.34821786e-08
3.31536331e-08
3.28286039e-08
3.25169619e-08
3.22273474e-08
3.19681100e-08
3.17477526e-08
3.15746501e-08
3.14559388e-08
3.13958740e-08
3.13939320e-08
3.14431611e-08
3.15292299e-08
3.16305692e-08
3.17197460e-08
3.17660339e-08
3.17387840e-08
3.16110814e-08
3.13630191e-08
3.09840122e-08
3.04737325e-08
2.98415428e-08
2.91045309e-08
2.82847002e-08
2.74057922e-08
2.64904262e-08
2.55579606e-08
2.46235610e-08
2.36983542e-08
2.27904606e-08
2.19066860e-08
2.10541910e-08
2.02417658e-08
1.94802134e-08
1.87819176e-08
1.81591419e-08
1.76219440e-08
1.71755652e-08
1.68182828e-08
1.65400435e-08
1.63223738e-08
1.61397116e-08
1.59620934e-08
1.57587365e-08
1.55020076e-08
1.51710036e-08
1.47542357e-08
1.42508712e-08
1.36705296e-08
1.30315046e-08
1.23580092e-08
1.16767100e-08
1.10132936e-08
1.03894200e-08
9.82051520e-09
9.31462614e-09
8.87234811e-09
8.48783851e-09
8.15053047e-09
7.84740560e-09
7.56527103e-09
7.29283589e-09
7.02227009e-09
6.74995500e-09
6.47649580e-09
6.20597503e-09
5.94467024e-09
5.69946603e-09
5.47631261e-09
5.27892042e-09
5.10799577e-09
4.96101306e-09
4.83263342e-09
4.71558560e-09
4.60189309e-09
4.48415658e-09
4.35671076e-09
4.21646483e-09
4.06325707e-09
3.89974780e-09
3.73086317e-09
3.56290735e-09
3.40253986e-09
3.25576039e-09
3.12707947e-09
3.01897564e-09
2.93172596e-09
2.86357847e-09
2.81121372e-09
2.77040904e-09
2.73674913e-09
2.70628489e-09
2.67603256e-09
2.64424396e-09
2.61045063e-09
2.57530394e-09
2.54027358e-09
2.50728658e-09
2.47837084e-09
2.45535611e-09
2.43966964e-09
2.43221950e-09
2.43336870e-09
2.44297586e-09
2.46048460e-09
2.48504568e-09
2.51565697e-09
2.55131322e-09
2.59114914e-09
2.63457229e-09
2.68137488e-09
2.73182553e-09
2.78673029e-09
2.84747151e-09
2.91602854e-09
2.99495923e-09
3.08736893e-09
3.19684006e-09
3.32730834e-09
3.48292999e-09
3.66789354e-09
3.88624920e-09
4.14169593e-09
4.43743402e-09
4.77601502e-09
5.15913859e-09
5.58750192e-09
6.06051260e-09
6.57594532e-09
7.12958371e-09
7.71472483e-09
8.32198492e-09
8.93905596e-09
9.55102456e-09
1.01408840e-08
1.06907413e-08
1.11831669e-08
1.16030677e-08
1.19395394e-08
1.21876665e-08
1.23499570e-08
1.24372121e-08
1.24686204e-08
1.24710333e-08
1.24773961e-08
1.25244647e-08
1.26499944e-08
1.28896810e-08
1.32740830e-08
1.38258705e-08
1.45576106e-08
1.54701480e-08
1.65520144e-08
1.77796253e-08
1.91184793e-08
2.05253616e-08
2.19511318e-08
2.33440887e-08
2.46534023e-08
2.58323782e-08
2.68409252e-08
2.76472931e-08
2.82288893e-08
2.85724111e-08
2.86734413e-08
2.85359716e-08
2.81719667e-08
2.76010357e-08
2.68500556e-08
2.59524591e-08
2.49467931e-08
2.38745653e-08
2.27772979e-08
2.16932510e-08
2.06542615e-08
1.96835475e-08
1.87947601e-08
1.79925063e-08
1.72743463e-08
1.66335751e-08
1.60622106e-08
1.55534003e-08
1.51029177e-08
1.47092103e-08
1.43725548e-08
1.40933592e-08
1.38704681e-08
1.36998908e-08
1.35743977e-08
1.34841013e-08
1.34179027e-08
1.33654076e-08
1.33188439e-08
1.32745243e-08
1.32335023e-08
1.32012908e-08
1.31867119e-08
1.32001408e-08
1.32514986e-08
1.33483914e-08
1.34947066e-08
1.36899172e-08
1.39291584e-08
1.42039794e-08
1.45036992e-08
1.48170065e-08
1.51335867e-08
1.54454989e-08
1.57479975e-08
1.60396991e-08
1.63219954e-08
1.65978173e-08
1.68698965e-08
1.71388994e-08
1.74018203e-08
1.76509697e-08
1.78739038e-08
1.80543884e-08
1.81743214e-08
1.82162452e-08
1.81660474e-08
1.80152358e-08
1.77623669e-08
1.74133384e-08
1.69805186e-08
1.64809711e-08
1.59341594e-08
1.53597520e-08
1.47759007e-08
1.41982508e-08
1.36398294e-08
1.31114883e-08
1.26226138e-08
1.21816436e-08
1.17961893e-08
1.14725368e-08
1.12146336e-08
1.10229284e-08
1.08932946e-08
1.08165422e-08
1.07787231e-08
1.07622818e-08
1.07479575e-08
1.07170949e-08
1.06539486e-08
1.05475515e-08
1.03928034e-08
1.01906034e-08
9.94702047e-09
9.67175093e-09
9.37617782e-09
9.07142370e-09
8.76682705e-09
8.46904324e-09
8.18189842e-09
7.90687465e-09
7.64409754e-09
7.39334330e-09
7.15498770e-09
6.93044447e-09
6.72215855e-09
6.53310886e-09
6.36602063e-09
6.22249928e-09
6.10235895e-09
6.00328767e-09
5.92093854e-09
5.84943313e-09
5.78213239e-09
5.71251631e-09
5.63498569e-09
5.54546039e-09
5.44168417e-09
5.32323656e-09
5.19128489e-09
5.04818032e-09
4.89696936e-09
4.74089738e-09
4.58299628e-09
4.42576812e-09
4.27100446e-09
4.11972786e-09
3.97227627e-09
3.82847191e-09
3.68785374e-09
3.54990752e-09
3.41427439e-09
3.28087411e-09
3.14992459e-09
3.02190614e-09
2.89743463e-09
2.77713791e-09
2.66157251e-09
2.55115972e-09
2.44620736e-09
2.34694748e-09
2.25360912e-09
2.16644138e-09
2.08570805e-09
2.01164604e-09
1.94437238e-09
1.88380846e-09
1.82962462e-09
1.78122976e-09
1.73782652e-09
1.69848730e-09
1.66226492e-09
1.62826992e-09
1.59572294e-09
1.56394486e-09
1.53232288e-09
1.50024762e-09
1.46707220e-09
1.43210905e-09
1.39467776e-09
1.35421073e-09
1.31037715e-09
1.26320518e-09
1.21316998e-09
1.16120180e-09
1.10862725e-09
1.05703056e-09
1.00807563e-09
9.63310372e-10
9.23992925e-10
8.90966532e-10
8.64594388e-10
8.44763053e-10
8.30936903e-10
8.22249953e-10
8.17619308e-10
8.15861074e-10
8.15799648e-10
8.16362905e-10
8.16659023e-10
8.16031679e-10
8.14090782e-10
8.10716745e-10
8.06037420e-10
8.00380815e-10
7.94211745e-10
7.88060489e-10
7.82457867e-10
7.77885246e-10
7.74745453e-10
7.73355393e-10
7.73953215e-10
7.76711243e-10
7.81744269e-10
7.89107246e-10
7.98781659e-10
8.10654388e-10
8.24503860e-10
8.40001653e-10
8.56742384e-10
8.74306674e-10
8.92349642e-10
9.10705332e-10
9.29485807e-10
9.49155598e-10
9.70558253e-10
9.94886567e-10
1.02360783e-09
1.05832437e-09
1.10062620e-09
1.15192694e-09
1.21332955e-09
1.28553150e-09
1.36876834e-09
1.46281486e-09
1.56700168e-09
1.68027918e-09
1.80128660e-09
1.92841162e-09
2.05988769e-09
2.19387197e-09
2.32854278e-09
2.46221915e-09
2.59345559e-09
2.72119191e-09
2.84484163e-09
2.96440757e-09
3.08056963e-09
3.19474591e-09
3.30910212e-09
3.42654396e-09
3.55062214e-09
3.68537388e-09
3.83507469e-09
4.00391900e-09
4.19561124e-09
4.41295127e-09
4.65738114e-09
4.92865626e-09
5.22458622e-09
5.54100249e-09
5.87186109e-09
6.20964324e-09
6.54591854e-09
6.87201527e-09
7.17986484e-09
7.46277318e-09
7.71614501e-09
7.93807543e-09
8.12971315e-09
8.29542872e-09
8.44275794e-09
8.58216364e-09
8.72662095e-09
8.89109625e-09
9.09193139e-09
9.34618073e-09
9.67087711e-09
1.00822586e-08
1.05949911e-08
1.12213304e-08
1.19703260e-08
1.28470641e-08
1.38521017e-08
1.49809707e-08
1.62239496e-08
1.75660098e-08
1.89870861e-08
2.04623958e-08
2.19630623e-08
2.34571734e-08
2.49108884e-08
2.62906724e-08
2.75655167e-08
2.87101663e-08
2.97085832e-08
3.05571296e-08
3.12671462e-08
3.18659342e-08
3.23957166e-08
3.29104470e-08
3.34702286e-08
3.41344192e-08
3.49540805e-08
3.59651370e-08
3.71834567e-08
3.86025544e-08
4.01945009e-08
4.19137630e-08
4.37034731e-08
4.55026903e-08
4.72537350e-08
4.89082313e-08
5.04312123e-08
5.18025857e-08
5.30165070e-08
5.40793142e-08
5.50068531e-08
5.58225914e-08
5.65572966e-08
5.72508526e-08
5.79559375e-08
5.87429606e-08
5.97048805e-08
6.09604706e-08
6.26543396e-08
6.49526448e-08
6.80341877e-08
7.20762368e-08
7.72380813e-08
8.36414618e-08
9.13526642e-08
1.00368095e-07
1.10604405e-07
1.21897162e-07
1.34006299e-07
1.46628139e-07
1.59417047e-07
1.72005601e-07
1.84031308e-07
1.95159966e-07
2.05108727e-07
2.13667869e-07
2.20719522e-07
2.26255856e-07
2.30395317e-07
2.33396561e-07
2.35667230e-07
2.37765975e-07
2.40394247e-07
2.44375908e-07
2.50622955e-07
2.60087523e-07
2.73702279e-07
2.92310014e-07
3.16587148e-07
3.46964121e-07
3.83551528e-07
4.26073253e-07
4.73820728e-07
5.25634539e-07
5.79928335e-07
6.34750534e-07
6.87893576e-07
7.37045660e-07
7.79954597e-07
8.14609981e-07
8.39399556e-07
8.53226370e-07
8.55582698e-07
8.46562233e-07
8.26821928e-07
7.97504585e-07
7.60130696e-07
7.16476643e-07
6.68458649e-07
6.18012290e-07
5.66993807e-07
5.17093829e-07
4.69765369e-07
4.26185023e-07
3.87219183e-07
3.53435164e-07
3.25117877e-07
3.02318441e-07
2.84901973e-07
2.72609097e-07
2.65101315e-07
2.61996608e-07
2.62884368e-07
2.67322950e-07
2.74823938e-07
2.84834352e-07
2.96723307e-07
3.09786706e-07
3.23274662e-07
3.36439947e-07
3.48605271e-07
3.59233705e-07
3.67990308e-07
3.74778690e-07
3.79741739e-07
3.83223174e-07
3.85693692e-07
3.87656041e-07
3.89547168e-07
3.91657196e-07
3.94082202e-07
3.96719662e-07
3.99306426e-07
4.01488926e-07
4.02909629e-07
4.03290648e-07
4.02497190e-07
4.00570194e-07
3.97723897e-07
3.94313160e-07
3.90778538e-07
3.87582056e-07
3.85143399e-07
3.83786072e-07
3.83696715e-07
3.84900776e-07
3.87253994e-07
3.90449332e-07
3.94040200e-07
3.97479656e-07
4.00174197e-07
4.01550514e-07
4.01126894e-07
3.98580701e-07
3.93799448e-07
3.86904682e-07
3.78240929e-07
3.68326953e-07
3.57778185e-07
3.47208596e-07
3.37134852e-07
3.27897421e-07
3.19617701e-07
3.12197484e-07
3.05361657e-07
2.98733517e-07
2.91928488e-07
2.84642119e-07
2.76719585e-07
2.68187738e-07
2.59249024e-07
2.50238292e-07
2.41554469e-07
2.33581456e-07
2.26616476e-07
2.20817856e-07
2.16181241e-07
2.12547574e-07
2.09637492e-07
2.07104202e-07
2.04593112e-07
2.01797208e-07
1.98498194e-07
1.94587859e-07
1.90067542e-07
1.85028950e-07
1.79621446e-07
1.74013027e-07
1.68354768e-07
1.62751942e-07
1.57250926e-07
1.51839409e-07
1.46460564e-07
1.41036901e-07
1.35499038e-07
1.29811034e-07
1.23989466e-07
1.18110610e-07
1.12304955e-07
1.06739401e-07
1.01591701e-07
9.70209851e-08
9.31401214e-08
8.99958873e-08
8.75595782e-08
8.57301698e-08
8.43489469e-08
8.32231023e-08
8.21535294e-08
8.09620494e-08
7.95138963e-08
7.77316735e-08
7.55996024e-08
7.31585986e-08
7.04931482e-08
6.77138230e-08
6.49380026e-08
6.22717071e-08
5.97953777e-08
5.75544998e-08
5.55556978e-08
5.37688442e-08
5.21334001e-08
5.05689956e-08
4.89879715e-08
4.73087907e-08
4.54681956e-08
4.34306771e-08
4.11937146e-08
3.87884924e-08
3.62757375e-08
3.37376944e-08
3.12673033e-08
2.89567991e-08
2.68869103e-08
2.51180403e-08
2.36849179e-08
2.25940609e-08
2.18247633e-08
2.13328157e-08
2.10560041e-08
2.09210503e-08
2.08509482e-08
2.07721436e-08
2.06208692e-08
2.03481810e-08
1.99232467e-08
1.93347838e-08
1.85904628e-08
1.77145383e-08
1.67441948e-08
1.57247174e-08
1.47044658e-08
1.37297886e-08
1.28407983e-08
1.20678625e-08
1.14296069e-08
1.09321698e-08
1.05700322e-08
1.03279677e-08
1.01840944e-08
1.01135201e-08
1.00920622e-08
1.00996223e-08
1.01227105e-08
1.01558189e-08
1.02015032e-08
1.02692540e-08
1.03734311e-08
1.05306949e-08
1.07574083e-08
1.10674798e-08
1.14710426e-08
1.19740546e-08
1.25789930e-08
1.32863625e-08
1.40966104e-08
1.50123250e-08
1.60399023e-08
1.71905997e-08
1.84801785e-08
1.99274829e-08
2.15513223e-08
2.33664143e-08
2.53784168e-08
2.75791186e-08
2.99425354e-08
3.24227943e-08
3.49547851e-08
3.74573605e-08
3.98397295e-08
4.20092675e-08
4.38808996e-08
4.53853662e-08
4.64759869e-08
4.71321168e-08
4.73595250e-08
4.71871669e-08
4.66614103e-08
4.58386955e-08
4.47779368e-08
4.35338804e-08
4.21522267e-08
4.06672935e-08
3.91020658e-08
3.74704442e-08
3.57808624e-08
3.40407848e-08
3.22609309e-08
3.04584086e-08
2.86587747e-08
2.68958828e-08
2.52103021e-08
2.36466541e-08
2.22497624e-08
2.10611294e-08
2.01157840e-08
1.94400386e-08
1.90504911e-08
1.89539148e-08
1.91478249e-08
1.96212559e-08
2.03553388e-08
2.13235101e-08
2.24911314e-08
2.38152074e-08
2.52442069e-08
2.67187573e-08
2.81736624e-08
2.95411107e-08
3.07552073e-08
3.17573500e-08
3.25013873e-08
3.29583347e-08
3.31193433e-08
3.29967680e-08
3.26229511e-08
3.20469808e-08
3.13298711e-08
3.05387888e-08
2.97413821e-08
2.90004511e-08
2.83701474e-08
2.78933039e-08
2.76003504e-08
2.75092714e-08
2.76262784e-08
2.79467693e-08
2.84562480e-08
2.91310605e-08
2.99391248e-08
3.08407701e-08
3.17901231e-08
3.27372260e-08
3.36310771e-08
3.44232415e-08
3.50718459e-08
3.55452993e-08
3.58252013e-08
3.59078124e-08
3.58039091e-08
3.55369179e-08
3.51396329e-08
3.46500416e-08
3.41069209e-08
3.35458148e-08
3.29960479e-08
3.24789841e-08
3.20076447e-08
3.15874315e-08
3.12176804e-08
3.08934883e-08
3.06074006e-08
3.03507375e-08
3.01142600e-08
2.98883364e-08
2.96627624e-08
2.94264024e-08
2.91670245e-08
2.88714044e-08
2.85258881e-08
2.81172158e-08
2.76336143e-08
2.70658184e-08
2.64079615e-08
2.56581205e-08
2.48185339e-08
2.38954246e-08
2.28988104e-08
2.18419711e-08
2.07409671e-08
1.96142700e-08
1.84820374e-08
1.73653636e-08
1.62854677e-08
1.52623803e-08
1.43137718e-08
1.34537013e-08
1.26916253e-08
1.20317382e-08
1.14729321e-08
1.10091709e-08
1.06304871e-08
1.03241900e-08
1.00763915e-08
9.87348957e-09
9.70359736e-09
9.55766250e-09
9.43027012e-09
9.32001910e-09
9.22936527e-09
9.16397205e-09
9.13155476e-09
9.14033622e-09
9.19730511e-09
9.30651566e-09
9.46771226e-09
9.67555156e-09
9.91956403e-09
1.01849246e-08
1.04539092e-08
1.07078244e-08
1.09290216e-08
1.11027015e-08
1.12182110e-08
1.12696252e-08
1.12556421e-08
1.11788915e-08
1.10448810e-08
1.08608607e-08
1.06348350e-08
1.03748875e-08
1.00888380e-08
9.78422504e-09
9.46843736e-09
9.14882315e-09
8.83270080e-09
8.52712988e-09
8.23848373e-09
7.97186017e-09
7.73055687e-09
7.51557702e-09
7.32550216e-09
7.15658390e-09
7.00320223e-09
6.85854379e-09
6.71541871e-09
6.56706592e-09
6.40785547e-09
6.23377607e-09
6.04266628e-09
5.83423301e-09
5.60987566e-09
5.37241017e-09
5.12573702e-09
4.87455407e-09
4.62409150e-09
4.37984903e-09
4.14738108e-09
3.93196928e-09
3.73826589e-09
3.56990757e-09
3.42907027e-09
3.31613960e-09
3.22951405e-09
3.16562603e-09
3.11922879e-09
3.08391297e-09
3.05279688e-09
3.01929710e-09
2.97784471e-09
2.92444773e-09
2.85702336e-09
2.77544288e-09
2.68132643e-09
2.57762867e-09
2.46809489e-09
2.35670350e-09
2.24716209e-09
2.14253511e-09
2.04502574e-09
1.95593781e-09
1.87577186e-09
1.80441396e-09
1.74138910e-09
1.68609100e-09
1.63798151e-09
1.59672791e-09
1.56225098e-09
1.53471345e-09
1.51444275e-09
1.50182180e-09
1.49715468e-09
1.50053936e-09
1.51175807e-09
1.53020256e-09
1.55484380e-09
1.58425242e-09
1.61666850e-09
1.65011771e-09
1.68255385e-09
1.71202177e-09
1.73680936e-09
1.75558952e-09
1.76752451e-09
1.77233855e-09
1.77035091e-09
1.76247830e-09
1.75020448e-09
1.73552437e-09
1.72085533e-09
1.70891763e-09
1.70257703e-09
1.70465066e-09
1.71768544e-09
1.74372345e-09
1.78408016e-09
1.83917105e-09
1.90841068e-09
1.99021416e-09
2.08212131e-09
2.18101099e-09
2.28342538e-09
2.38593357e-09
2.48548344e-09
2.57973783e-09
2.66730361e-09
2.74787505e-09
2.82224283e-09
2.89222299e-09
2.96047867e-09
3.03029271e-09
3.10527926e-09
3.18908787e-09
3.28508949e-09
3.39605188e-09
3.52385779e-09
3.66923664e-09
3.83158366e-09
4.00883066e-09
4.19747402e-09
4.39269054e-09
4.58862184e-09
4.77872903e-09
4.95628937e-09
5.11491053e-09
5.24901888e-09
5.35433576e-09
5.42822046e-09
5.46991516e-09
5.48067756e-09
5.46381465e-09
5.42465975e-09
5.37050786e-09
5.31050815e-09
5.25550180e-09
5.21774912e-09
5.21049577e-09
5.24733617e-09
5.34137425e-09
5.50424130e-09
5.74504999e-09
6.06950716e-09
6.47929343e-09
6.97190370e-09
7.54108374e-09
8.17777708e-09
8.87156579e-09
9.61246442e-09
1.03925827e-08
1.12077367e-08
1.20584911e-08
1.29504368e-08
1.38939992e-08
1.49034399e-08
1.59955018e-08
1.71879750e-08
1.84982542e-08
1.99423224e-08
2.15341278e-08
2.32855121e-08
2.52062006e-08
2.73038661e-08
2.95840676e-08
3.20494639e-08
3.46986514e-08
3.75245418e-08
4.05125420e-08
4.36392490e-08
4.68713964e-08
5.01663205e-08
5.34731905e-08
5.67351510e-08
5.98931784e-08
6.28887794e-08
6.56677487e-08
6.81824789e-08
7.03936782e-08
7.22712956e-08
7.37943981e-08
7.49507795e-08
7.57363048e-08
7.61543414e-08
7.62152076e-08
7.59358858e-08
7.53398765e-08
7.44571412e-08
7.33242599e-08
7.19847867e-08
7.04896708e-08
6.88981949e-08
6.72783468e-08
6.57076711e-08
6.42729315e-08
6.30694671e-08
6.21987663e-08
6.17651906e-08
6.18706459e-08
6.26079209e-08
6.40525565e-08
6.62538454e-08
6.92260812e-08
7.29409170e-08
7.73226228e-08
8.22481408e-08
8.75523206e-08
9.30397097e-08
9.85019304e-08
1.03739682e-07
1.08585600e-07
1.12925883e-07
1.16717470e-07
1.19996986e-07
1.22882140e-07
1.25563773e-07
1.28290023e-07
1.31345459e-07
1.35025821e-07
1.39611689e-07
1.45340953e-07
1.52383508e-07
1.60817103e-07
1.70608669e-07
1.81600033e-07
1.93505428e-07
2.05920230e-07
2.18341704e-07
2.30206649e-07
2.40936963e-07
2.49991799e-07
2.56918629e-07
2.61394016e-07
2.63250078e-07
2.62482002e-07
2.59236657e-07
2.53785669e-07
2.46489207e-07
2.37756316e-07
2.28009643e-07
2.17657610e-07
2.07076462e-07
1.96601695e-07
1.86525403e-07
1.77098878e-07
1.68534208e-07
1.61007129e-07
1.54655470e-07
1.49577302e-07
1.45828538e-07
1.43418952e-07
1.42310068e-07
1.42413519e-07
1.43590944e-07
1.45655409e-07
1.48375446e-07
1.51481253e-07
1.54675353e-07
1.57646328e-07
1.60087728e-07
1.61718482e-07
1.62305415e-07
1.61683421e-07
1.59771368e-07
1.56580947e-07
1.52216613e-07
1.46867123e-07
1.40788752e-07
1.34284682e-07
1.27680627e-07
1.21302734e-07
1.15457115e-07
1.10414771e-07
1.06398416e-07
1.03572950e-07
1.02037771e-07
1.01819434e-07
1.02866939e-07
1.05050236e-07
1.08164961e-07
1.11945019e-07
1.16084247e-07
1.20265936e-07
1.24197457e-07
1.27643984e-07
1.30456281e-07
1.32586570e-07
1.34089126e-07
1.35104320e-07
1.35829112e-07
1.36479081e-07
1.37249008e-07
1.38279502e-07
1.39635467e-07
1.41299891e-07
1.43182691e-07
1.45141711e-07
1.47010335e-07
1.48625614e-07
1.49850784e-07
1.50588717e-07
1.50784945e-07
1.50421459e-07
1.49505007e-07
1.48053874e-07
1.46087693e-07
1.43622378e-07
1.40671693e-07
1.37253498e-07
1.33399305e-07
1.29162397e-07
1.24622832e-07
1.19887953e-07
1.15086200e-07
1.10357504e-07
1.05840855e-07
1.01661469e-07
9.79205322e-08
9.46879803e-08
9.19994460e-08
8.98567823e-08
8.82319370e-08
8.70724034e-08
8.63074437e-08
8.58539717e-08
8.56216246e-08
8.55165466e-08
8.54440953e-08
8.53108393e-08
8.50263722e-08
8.45055677e-08
8.36716740e-08
8.24605267e-08
8.08256406e-08
7.87436819e-08
7.62191957e-08
7.32879272e-08
7.00174241e-08
6.65039401e-08
6.28665149e-08
5.92369270e-08
5.57478427e-08
5.25206624e-08
4.96533029e-08
4.72113702e-08
4.52225183e-08
4.36759445e-08
4.25258334e-08
4.16991401e-08
4.11061605e-08
4.06520754e-08
4.02482666e-08
3.98216093e-08
3.93207015e-08
3.87185270e-08
3.80115034e-08
3.72155362e-08
3.63599254e-08
3.54804085e-08
3.46122691e-08
3.37844987e-08
3.30155268e-08
3.23110189e-08
3.16636304e-08
3.10545925e-08
3.04569391e-08
2.98397892e-08
2.91732241e-08
2.84330214e-08
2.76048363e-08
2.66867541e-08
2.56904365e-08
2.46399851e-08
2.35691990e-08
2.25173318e-08
2.15241260e-08
2.06247476e-08
1.98455677e-08
1.92010412e-08
1.86923782e-08
1.83076905e-08
1.80238347e-08
1.78093608e-08
1.76282968e-08
1.74441317e-08
1.72236567e-08
1.69401579e-08
1.65757222e-08
1.61224369e-08
1.55824545e-08
1.49670202e-08
1.42945894e-08
1.35884446e-08
1.28739061e-08
1.21757356e-08
1.15156298e-08
1.09103156e-08
1.03703727e-08
9.89962584e-09
9.49543304e-09
9.14960364e-09
8.84990570e-09
8.58193082e-09
8.33115211e-09
8.08482090e-09
7.83357930e-09
7.57245524e-09
7.30126079e-09
7.02425806e-09
6.74929678e-09
6.48644331e-09
6.24642841e-09
6.03913610e-09
5.87224122e-09
5.75027477e-09
5.67412042e-09
5.64098124e-09
5.64478277e-09
5.67689664e-09
5.72707683e-09
5.78448287e-09
5.83865787e-09
5.88036780e-09
5.90222837e-09
5.89906606e-09
5.86802524e-09
5.80842784e-09
5.72146401e-09
5.60976117e-09
5.47693594e-09
5.32718330e-09
5.16493934e-09
4.99466331e-09
4.82069981e-09
4.64717851e-09
4.47796661e-09
4.31655393e-09
4.16593107e-09
4.02846987e-09
3.90578144e-09
3.79867427e-09
3.70719981e-09
3.63081188e-09
3.56864305e-09
3.51983363e-09
3.48386199e-09
3.46080175e-09
3.45145670e-09
3.45733128e-09
3.48044237e-09
3.52299775e-09
3.58700099e-09
3.67384956e-09
3.78397460e-09
3.91661381e-09
4.06971119e-09
4.24000726e-09
4.42325238e-09
4.61460330e-09
4.80910359e-09
5.00218757e-09
5.19022583e-09
5.37094396e-09
5.54370379e-09
5.70957913e-09
5.87112642e-09
6.03192329e-09
6.19583855e-09
6.36611859e-09
6.54448221e-09
6.73032987e-09
6.92023430e-09
7.10793393e-09
7.28482057e-09
7.44097672e-09
7.56662617e-09
7.65380831e-09
7.69797534e-09
7.69926330e-09
7.66316955e-09
7.60051357e-09
7.52666782e-09
7.46019290e-09
7.42116099e-09
7.42946232e-09
7.50347126e-09
7.65931070e-09
7.91088876e-09
8.27066513e-09
8.75096069e-09
9.36550668e-09
1.01306802e-08
1.10660043e-08
1.21933954e-08
1.35349831e-08
1.51092323e-08
1.69258669e-08
1.89801093e-08
2.12474573e-08
2.36797488e-08
2.62040043e-08
2.87249777e-08
3.11312197e-08
3.33047680e-08
3.51330269e-08
3.65213508e-08
3.74039238e-08
3.77515503e-08
3.75748394e-08
3.69223474e-08
3.58741470e-08
3.45321398e-08
3.30086169e-08
3.14154118e-08
2.98542278e-08
2.84104103e-08
2.71493589e-08
2.61159352e-08
2.53363219e-08
2.48212135e-08
2.45699314e-08
2.45746353e-08
2.48243504e-08
2.53085497e-08
2.60202298e-08
2.69583196e-08
2.81293959e-08
2.95487385e-08
3.12404512e-08
3.32368845e-08
3.55773305e-08
3.83064960e-08
4.14726104e-08
4.51259610e-08
4.93178401e-08
5.41005090e-08
5.95271950e-08
6.56523479e-08
7.25317244e-08
8.02202574e-08
8.87680428e-08
9.82130721e-08
1.08571727e-07
1.19825696e-07
1.31908550e-07
1.44692892e-07
1.57982183e-07
1.71507160e-07
1.84931289e-07
1.97866547e-07
2.09896577e-07
2.20608229e-07
2.29626524e-07
2.36650040e-07
2.41479074e-07
2.44037188e-07
2.44377537e-07
2.42677308e-07
2.39218059e-07
2.34355720e-07
2.28483868e-07
2.21994487e-07
2.15242340e-07
2.08516290e-07
2.02020616e-07
1.95869373e-07
1.90092311e-07
1.84651451e-07
1.79464503e-07
1.74432283e-07
1.69464689e-07
1.64502196e-07
1.59529536e-07
1.54581346e-07
1.49739188e-07
1.45121583e-07
1.40870544e-07
1.37136382e-07
1.34063951e-07
1.31781746e-07
1.30395479e-07
1.29985301e-07
1.30606146e-07
1.32289785e-07
1.35046910e-07
1.38867703e-07
1.43720568e-07
1.49547281e-07
1.56258232e-07
1.63724941e-07
1.71775614e-07
1.80194269e-07
1.88724031e-07
1.97078074e-07
2.04954242e-07
2.12056381e-07
2.18116321e-07
2.22914108e-07
2.26296022e-07
2.28184866e-07
2.28583449e-07
2.27570382e-07
2.25289095e-07
2.21932023e-07
2.17721822e-07
2.12891192e-07
2.07663985e-07
2.02238401e-07
1.96774108e-07
1.91383848e-07
1.86131538e-07
1.81036190e-07
1.76081261e-07
1.71229131e-07
1.66437427e-07
1.61675124e-07
1.56934949e-07
1.52241625e-07
1.47651796e-07
1.43250133e-07
1.39139269e-07
1.35429269e-07
1.32227822e-07
1.29634058e-07
1.27736703e-07
1.26616701e-07
1.26351626e-07
1.27019656e-07
1.28699599e-07
1.31464941e-07
1.35371328e-07
1.40437610e-07
1.46625172e-07
1.53817941e-07
1.61809939e-07
1.70302669e-07
1.78916442e-07
1.87215178e-07
1.94742263e-07
2.01063488e-07
2.05809021e-07
2.08710111e-07
2.09622553e-07
2.08535635e-07
2.05563903e-07
2.00924710e-07
1.94906119e-07
1.87830863e-07
1.80022585e-07
1.71779654e-07
1.63358759e-07
1.54970849e-07
1.46784875e-07
1.38939507e-07
1.31553950e-07
1.24738336e-07
1.18597193e-07
1.13228174e-07
1.08713252e-07
1.05107544e-07
1.02428231e-07
1.00645464e-07
9.96797978e-08
9.94061962e-08
9.96649087e-08
1.00277679e-07
1.01066544e-07
1.01872240e-07
1.02569368e-07
1.03075883e-07
1.03355935e-07
1.03416057e-07
1.03295896e-07
1.03055504e-07
1.02761658e-07
1.02475439e-07
1.02242921e-07
1.02089855e-07
1.02020413e-07
1.02019247e-07
1.02055651e-07
1.02088455e-07
1.02070595e-07
1.01952751e-07
1.01686027e-07
1.01224122e-07
1.00525566e-07
9.95565734e-08
9.82945921e-08
9.67322195e-08
9.48805145e-08
9.27710379e-08
9.04554921e-08
8.80027414e-08
8.54931362e-08
8.30114719e-08
8.06393296e-08
7.84480260e-08
7.64939280e-08
7.48154488e-08
7.34326357e-08
7.23485476e-08
7.15510720e-08
7.10151771e-08
7.07045795e-08
7.05731237e-08
7.05659295e-08
7.06210368e-08
7.06719004e-08
7.06509784e-08
7.04942500e-08
7.01461326e-08
6.95640636e-08
6.87219108e-08
6.76117662e-08
6.62436382e-08
6.46436020e-08
6.28501867e-08
6.09103172e-08
5.88747815e-08
5.67942655e-08
5.47161651e-08
5.26815725e-08
5.07239803e-08
4.88678660e-08
4.71284264e-08
4.55117106e-08
4.40152445e-08
4.26294716e-08
4.13396355e-08
4.01282280e-08
3.89776417e-08
3.78729874e-08
3.68044580e-08
3.57688773e-08
3.47703078e-08
3.38192976e-08
3.29308872e-08
3.21215958e-08
3.14057400e-08
3.07918731e-08
3.02797471e-08
2.98586973e-08
2.95075605e-08
2.91965155e-08
2.88905734e-08
2.85540737e-08
2.81555728e-08
2.76721609e-08
2.70924039e-08
2.64175706e-08
2.56606236e-08
2.48437173e-08
2.39943116e-08
2.31408610e-08
2.23088269e-08
2.15177617e-08
2.07794743e-08
2.00977853e-08
1.94694070e-08
1.88857171e-08
1.83349241e-08
1.78043671e-08
1.72824477e-08
1.67602475e-08
1.62324540e-08
1.56978812e-08
1.51593875e-08
1.46235150e-08
1.40996464e-08
1.35990736e-08
1.31338463e-08
1.27156808e-08
1.23548996e-08
1.20595381e-08
1.18346241e-08
1.16817532e-08
1.15988159e-08
1.15800602e-08
1.16163482e-08
1.16956970e-08
1.18040871e-08
1.19264838e-08
1.20480668e-08
1.21555102e-08
1.22382007e-08
1.22892231e-08
1.23059333e-08
1.22900397e-08
1.22471171e-08
1.21856220e-08
1.21155478e-08
1.20468904e-08
1.19882093e-08
1.19454509e-08
1.19212505e-08
1.19147872e-08
1.19222086e-08
1.19375439e-08
1.19539536e-08
1.19651182e-08
1.19665474e-08
1.19566135e-08
1.19371442e-08
1.19134805e-08
1.18939880e-08
1.18890773e-08
1.19098869e-08
1.19668241e-08
1.20681967e-08
1.22191626e-08
1.24211825e-08
1.26721224e-08
1.29669580e-08
1.32991173e-08
1.36622108e-08
1.40518651e-08
1.44675142e-08
1.49137239e-08
1.54007703e-08
1.59444815e-08
1.65650629e-08
1.72851193e-08
1.81271361e-08
1.91105085e-08
2.02489152e-08
2.15481823e-08
2.30048543e-08
2.46062227e-08
2.63311631e-08
2.81522238e-08
3.00381136e-08
3.19565395e-08
3.38767954e-08
3.57717518e-08
3.76192628e-08
3.94025812e-08
4.11103140e-08
4.27361506e-08
4.42783011e-08
4.57392144e-08
4.71254214e-08
4.84476079e-08
4.97204344e-08
5.09621567e-08
5.21938754e-08
5.34379750e-08
5.47165042e-08
