400.315066
400.364834
400.414601
400.464366
400.514130
400.563893
400.613654
400.663414
400.713172
400.762929
400.812685
400.862439
400.912192
400.961944
401.011694
401.061442
401.111190
401.160936
401.210680
401.260423
401.310165
401.359905
401.409644
401.459382
401.509118
401.558853
401.608587
401.658319
401.708049
401.757779
401.807506
401.857233
401.906958
401.956682
402.006404
402.056125
402.105845
402.155563
402.205280
402.254995
402.304709
402.354422
402.404133
402.453843
402.503551
402.553258
402.602964
402.652668
402.702371
402.752073
402.801773
402.851472
402.901169
402.950865
403.000559
403.050253
403.099944
403.149635
403.199324
403.249011
403.298698
403.348383
403.398066
403.447748
403.497429
403.547108
403.596786
403.646463
403.696138
403.745811
403.795484
403.845155
403.894824
403.944493
403.994159
404.043825
404.093489
404.143151
404.192813
404.242473
404.292131
404.341788
404.391444
404.441098
404.490751
404.540403
404.590053
404.639701
404.689349
404.738995
404.788639
404.838283
404.887924
404.937565
404.987204
405.036842
405.086478
405.136113
405.185746
405.235378
405.285009
405.334638
405.384266
405.433893
405.483518
405.533142
405.582764
405.632385
405.682005
405.731623
405.781240
405.830855
405.880469
405.930082
405.979693
406.029303
406.078912
406.128519
406.178124
406.227729
406.277332
406.326933
406.376533
406.426132
406.475730
406.525326
406.574920
406.624513
406.674105
406.723696
406.773285
406.822872
406.872459
406.922044
406.971627
407.021209
407.070790
407.120369
407.169947
407.219524
407.269099
407.318673
407.368245
407.417816
407.467386
407.516954
407.566521
407.616086
407.665650
407.715213
407.764774
407.814334
407.863893
407.913450
407.963006
408.012560
408.062113
408.111665
408.161215
408.210764
408.260311
408.309857
408.359402
408.408945
408.458487
408.508027
408.557566
408.607104
408.656640
408.706175
408.755709
408.805241
408.854772
408.904301
408.953829
409.003356
409.052881
409.102405
409.151927
409.201448
409.250968
409.300486
409.350003
409.399518
409.449032
409.498545
409.548056
409.597566
409.647075
409.696582
409.746088
409.795592
409.845095
409.894597
409.944097
409.993596
410.043093
410.092589
410.142084
410.191577
410.241069
410.290560
410.340049
410.389536
410.439023
410.488508
410.537991
410.587473
410.636954
410.686434
410.735912
410.785388
410.834863
410.884337
410.933810
410.983281
411.032750
411.082219
411.131686
411.181151
411.230615
411.280078
411.329539
411.378999
411.428458
411.477915
411.527371
411.576825
411.626278
411.675730
411.725180
411.774629
411.824076
411.873522
411.922967
411.972410
412.021852
412.071293
412.120732
412.170170
412.219606
412.269041
412.318474
412.367907
412.417337
412.466767
412.516195
412.565621
412.615047
412.664471
412.713893
412.763314
412.812734
412.862152
412.911569
412.960984
413.010399
413.059811
413.109223
413.158633
413.208041
413.257448
413.306854
413.356259
413.405662
413.455063
413.504464
413.553862
413.603260
413.652656
413.702051
413.751444
413.800836
413.850226
413.899616
413.949003
413.998390
414.047775
414.097158
414.146540
414.195921
414.245301
414.294679
414.344055
414.393431
414.442805
414.492177
414.541548
414.590918
414.640286
414.689653
414.739019
414.788383
414.837746
414.887107
414.936467
414.985826
415.035183
415.084539
415.133893
415.183246
415.232598
415.281948
415.331297
415.380644
415.429990
415.479335
415.528679
415.578020
415.627361
415.676700
415.726038
415.775374
415.824709
415.874043
415.923375
415.972706
416.022035
416.071364
416.120690
416.170015
416.219339
416.268662
416.317983
416.367303
416.416621
416.465938
416.515254
416.564568
416.613881
416.663192
416.712502
416.761811
416.811118
416.860424
416.909728
416.959031
417.008333
417.057633
417.106932
417.156230
417.205526
417.254820
417.304114
417.353406
417.402696
417.451985
417.501273
417.550560
417.599845
417.649128
417.698411
417.747691
417.796971
417.846249
417.895526
417.944801
417.994075
418.043347
418.092619
418.141888
418.191157
418.240424
418.289689
418.338953
418.388216
418.437478
418.486738
418.535996
418.585254
418.634509
418.683764
418.733017
418.782269
418.831519
418.880768
418.930015
418.979262
419.028506
419.077750
419.126992
419.176232
419.225472
419.274709
419.323946
419.373181
419.422414
419.471647
419.520878
419.570107
419.619335
419.668562
419.717787
419.767011
419.816234
419.865455
419.914675
419.963893
420.013110
420.062326
420.111540
420.160753
420.209964
420.259174
420.308383
420.357590
420.406796
420.456001
420.505204
420.554405
420.603606
420.652805
420.702002
420.751198
420.800393
420.849587
420.898779
420.947969
420.997158
421.046346
421.095533
421.144718
421.193901
421.243084
421.292265
421.341444
421.390622
421.439799
421.488974
421.538148
421.587321
421.636492
421.685662
421.734830
421.783997
421.833163
421.882327
421.931490
421.980651
422.029811
422.078970
422.128127
422.177283
422.226438
422.275591
422.324743
422.373893
422.423042
422.472190
422.521336
422.570481
422.619624
422.668766
422.717907
422.767046
422.816184
422.865320
422.914455
422.963589
423.012721
423.061852
423.110982
423.160110
423.209237
423.258362
423.307486
423.356609
423.405730
423.454850
423.503968
423.553085
423.602201
423.651315
423.700428
423.749539
423.798649
423.847758
423.896865
423.945971
423.995076
424.044179
424.093281
424.142381
424.191480
424.240578
424.289674
424.338769
424.387862
424.436954
424.486045
424.535134
424.584222
424.633309
424.682394
424.731477
424.780560
424.829641
424.878720
424.927798
424.976875
425.025951
425.075025
425.124097
425.173168
425.222238
425.271307
425.320374
425.369439
425.418504
425.467567
425.516628
425.565688
425.614747
425.663804
425.712860
425.761915
425.810968
425.860020
425.909070
425.958119
426.007167
426.056213
426.105258
426.154301
426.203343
426.252384
426.301423
426.350461
426.399498
426.448533
426.497567
426.546599
426.595630
426.644659
426.693688
426.742714
426.791740
426.840764
426.889786
426.938808
426.987828
427.036846
427.085863
427.134879
427.183893
427.232906
427.281918
427.330928
427.379936
427.428944
427.477950
427.526954
427.575957
427.624959
427.673960
427.722959
427.771956
427.820953
427.869948
427.918941
427.967933
428.016924
428.065913
428.114901
428.163888
428.212873
428.261856
428.310839
428.359820
428.408799
428.457778
428.506754
428.555730
428.604704
428.653677
428.702648
428.751618
428.800586
428.849553
428.898519
428.947483
428.996446
429.045408
429.094368
429.143327
429.192284
429.241240
429.290195
429.339148
429.388100
429.437050
429.485999
429.534947
429.583893
429.632838
429.681781
429.730724
429.779664
429.828604
429.877542
429.926478
429.975413
430.024347
430.073279
430.122210
430.171140
430.220068
430.268995
430.317921
430.366845
430.415767
430.464689
430.513608
430.562527
430.611444
430.660360
430.709274
430.758187
430.807099
430.856009
430.904918
430.953825
431.002731
431.051636
431.100539
431.149441
431.198341
431.247240
431.296138
431.345034
431.393929
431.442823
431.491715
431.540606
431.589495
431.638383
431.687269
431.736155
431.785038
431.833921
431.882802
431.931681
431.980560
432.029437
432.078312
432.127186
432.176059
432.224930
432.273800
432.322669
432.371536
432.420401
432.469266
432.518129
432.566990
432.615851
432.664709
432.713567
432.762423
432.811277
432.860131
432.908983
432.957833
433.006682
433.055530
433.104376
433.153221
433.202065
433.250907
433.299748
433.348587
433.397425
433.446262
433.495097
433.543931
433.592763
433.641594
433.690424
433.739252
433.788079
433.836904
433.885728
433.934551
433.983372
434.032192
434.081011
434.129828
434.178644
434.227458
434.276271
434.325083
434.373893
434.422702
434.471509
434.520315
434.569120
434.617923
434.666725
434.715526
434.764325
434.813123
434.861919
434.910714
434.959507
435.008300
435.057090
435.105880
435.154668
435.203454
435.252240
435.301023
435.349806
435.398587
435.447367
435.496145
435.544922
435.593697
435.642471
435.691244
435.740015
435.788785
435.837554
435.886321
435.935087
435.983851
436.032614
436.081376
436.130136
436.178895
436.227653
436.276409
436.325163
436.373917
436.422669
436.471419
436.520168
436.568916
436.617662
436.666407
436.715151
436.763893
436.812634
436.861373
436.910111
436.958848
437.007583
437.056317
437.105049
437.153781
437.202510
437.251239
437.299965
437.348691
437.397415
437.446138
437.494859
437.543579
437.592298
437.641015
437.689731
437.738445
437.787158
437.835870
437.884580
437.933289
437.981997
438.030703
438.079407
438.128111
438.176813
438.225513
438.274212
438.322910
438.371606
438.420301
438.468995
438.517687
438.566378
438.615068
438.663756
438.712442
438.761127
438.809811
438.858494
438.907175
438.955855
439.004533
439.053210
439.101886
439.150560
439.199232
439.247904
439.296574
439.345242
439.393910
439.442575
439.491240
439.539903
439.588565
439.637225
439.685884
439.734541
439.783197
439.831852
439.880506
439.929157
439.977808
440.026457
440.075105
440.123751
440.172396
440.221040
440.269682
440.318323
440.366963
440.415601
440.464237
440.512873
440.561506
440.610139
440.658770
440.707400
440.756028
440.804655
440.853281
440.901905
440.950528
440.999149
441.047769
441.096388
441.145005
441.193621
441.242235
441.290848
441.339460
441.388070
441.436679
441.485287
441.533893
441.582498
441.631101
441.679703
441.728304
441.776903
441.825501
441.874097
441.922692
441.971286
442.019878
442.068469
442.117058
442.165646
442.214233
442.262818
442.311402
442.359985
442.408566
442.457146
442.505724
442.554301
442.602877
442.651451
442.700024
442.748595
442.797165
442.845734
442.894301
442.942867
442.991431
443.039995
443.088556
443.137117
443.185676
443.234233
443.282789
443.331344
443.379897
443.428449
443.477000
443.525549
443.574097
443.622643
443.671189
443.719732
443.768274
443.816815
443.865355
443.913893
443.962430
444.010965
444.059499
444.108031
444.156563
444.205092
444.253621
444.302148
444.350673
444.399198
444.447720
444.496242
444.544762
444.593281
444.641798
444.690314
444.738828
444.787341
444.835853
444.884364
444.932872
444.981380
445.029886
445.078391
445.126894
445.175396
445.223897
445.272396
445.320894
445.369391
445.417886
445.466379
445.514872
445.563363
445.611852
445.660340
445.708827
445.757312
445.805796
445.854279
445.902760
445.951240
445.999718
446.048195
446.096671
446.145145
446.193618
446.242089
446.290560
446.339028
446.387496
446.435961
446.484426
446.532889
446.581351
446.629811
446.678270
446.726728
446.775184
446.823639
446.872092
446.920544
446.968995
447.017444
447.065892
447.114339
447.162784
447.211227
447.259670
447.308111
447.356550
447.404988
447.453425
447.501860
447.550294
447.598727
447.647158
447.695588
447.744016
447.792443
447.840869
447.889293
447.937716
447.986138
448.034558
448.082977
448.131394
448.179810
448.228224
448.276638
448.325049
448.373460
448.421869
448.470276
448.518682
448.567087
448.615491
448.663893
448.712293
448.760693
448.809091
448.857487
448.905882
448.954276
449.002668
449.051059
449.099449
449.147837
449.196224
449.244609
449.292993
449.341376
449.389757
449.438137
449.486515
449.534892
449.583268
449.631642
449.680015
449.728387
449.776757
449.825126
449.873493
449.921859
449.970223
450.018587
450.066948
450.115309
450.163668
450.212026
450.260382
450.308737
450.357090
450.405442
450.453793
450.502142
450.550490
450.598837
450.647182
450.695525
450.743868
450.792209
450.840548
450.888887
450.937223
450.985559
451.033893
451.082225
451.130557
451.178887
451.227215
451.275542
451.323868
451.372192
451.420515
451.468837
451.517157
451.565475
451.613793
451.662109
451.710423
451.758737
451.807048
451.855359
451.903668
451.951975
452.000282
452.048587
452.096890
452.145192
452.193493
452.241792
452.290090
452.338387
452.386682
452.434976
452.483268
452.531559
452.579849
452.628137
452.676424
452.724709
452.772993
452.821276
452.869557
452.917837
452.966115
453.014392
453.062668
453.110943
453.159215
453.207487
453.255757
453.304026
453.352293
453.400559
453.448824
453.497087
453.545349
453.593609
453.641869
453.690126
453.738382
453.786637
453.834891
453.883143
453.931394
453.979643
454.027891
454.076138
454.124383
454.172627
454.220869
454.269110
454.317350
454.365588
454.413825
454.462060
454.510294
454.558527
454.606758
454.654988
454.703217
454.751444
454.799669
454.847894
454.896117
454.944338
454.992558
455.040777
455.088995
455.137211
455.185425
455.233639
455.281850
455.330061
455.378270
455.426478
455.474684
455.522889
455.571092
455.619295
455.667495
455.715695
455.763893
455.812089
455.860284
455.908478
455.956671
456.004862
456.053051
456.101240
456.149426
456.197612
456.245796
456.293979
456.342160
456.390340
456.438518
456.486696
456.534871
456.583046
456.631219
456.679390
456.727561
456.775729
456.823897
456.872063
456.920227
456.968391
457.016553
457.064713
457.112872
457.161030
457.209186
457.257341
457.305495
457.353647
457.401798
457.449947
457.498095
457.546242
457.594387
457.642531
457.690673
457.738814
457.786954
457.835092
457.883229
457.931364
457.979499
458.027631
458.075763
458.123893
458.172021
458.220148
458.268274
458.316398
458.364521
458.412643
458.460763
458.508882
458.557000
458.605116
458.653230
458.701344
458.749455
458.797566
458.845675
458.893783
458.941889
458.989994
459.038098
459.086200
459.134301
459.182400
459.230498
459.278595
459.326690
459.374784
459.422876
459.470967
459.519057
459.567145
459.615232
459.663318
459.711402
459.759485
459.807566
459.855646
459.903724
459.951802
459.999877
460.047952
460.096025
460.144097
460.192167
460.240236
460.288303
460.336369
460.384434
460.432497
460.480559
460.528620
460.576679
460.624737
460.672793
460.720848
460.768901
460.816954
460.865004
460.913054
460.961102
461.009149
461.057194
461.105238
461.153280
461.201321
461.249361
461.297399
461.345436
461.393472
461.441506
461.489539
461.537570
461.585600
461.633629
461.681656
461.729682
461.777706
461.825729
461.873751
461.921771
461.969790
462.017807
462.065824
462.113838
462.161852
462.209864
462.257874
462.305883
462.353891
462.401897
462.449902
462.497906
462.545908
462.593909
462.641908
462.689907
462.737903
462.785898
462.833892
462.881885
462.929876
462.977866
463.025854
463.073841
463.121827
463.169811
463.217793
463.265775
463.313755
463.361734
463.409711
463.457687
463.505661
463.553634
463.601606
463.649576
463.697545
463.745512
463.793479
463.841443
463.889407
463.937369
463.985329
464.033288
464.081246
464.129203
464.177158
464.225111
464.273063
464.321014
464.368964
464.416912
464.464859
464.512804
464.560748
464.608690
464.656631
464.704571
464.752510
464.800446
464.848382
464.896316
464.944249
464.992180
465.040111
465.088039
465.135966
465.183892
465.231817
465.279740
465.327662
465.375582
465.423501
465.471418
465.519334
465.567249
465.615163
465.663075
465.710985
465.758894
465.806802
465.854709
465.902614
465.950517
465.998419
466.046320
466.094220
466.142118
466.190015
466.237910
466.285804
466.333696
466.381588
466.429477
466.477366
466.525253
466.573138
466.621023
466.668905
466.716787
466.764667
466.812546
466.860423
466.908299
466.956173
467.004046
467.051918
467.099788
467.147657
467.195525
467.243391
467.291256
467.339119
467.386981
467.434842
467.482701
467.530559
467.578415
467.626270
467.674124
467.721976
467.769827
467.817677
467.865525
467.913372
467.961217
468.009061
468.056903
468.104745
468.152584
468.200423
468.248260
468.296095
468.343930
468.391762
468.439594
468.487424
468.535253
468.583080
468.630906
468.678730
468.726553
468.774375
468.822196
468.870015
468.917832
468.965648
469.013463
469.061276
469.109089
469.156899
469.204708
469.252516
469.300323
469.348128
469.395931
469.443734
469.491535
469.539334
469.587132
469.634929
469.682724
469.730518
469.778311
469.826102
469.873892
469.921680
469.969467
470.017253
470.065037
470.112820
470.160602
470.208382
470.256161
470.303938
470.351714
470.399488
470.447261
470.495033
470.542804
470.590573
470.638340
470.686106
470.733871
470.781635
470.829397
470.877157
470.924917
470.972674
471.020431
471.068186
471.115940
471.163692
471.211443
471.259193
471.306941
471.354687
471.402433
471.450177
471.497919
471.545661
471.593400
471.641139
471.688876
471.736612
471.784346
471.832079
471.879810
471.927540
471.975269
472.022996
472.070722
472.118447
472.166170
472.213892
472.261612
472.309331
472.357049
472.404765
472.452480
472.500193
472.547906
472.595616
472.643325
472.691033
472.738740
472.786445
472.834149
472.881851
472.929552
472.977252
473.024950
473.072647
473.120342
473.168036
473.215729
473.263420
473.311110
473.358798
473.406485
473.454171
473.501855
473.549538
473.597220
473.644900
473.692578
473.740256
473.787932
473.835606
473.883280
473.930951
473.978622
474.026291
474.073958
474.121625
474.169290
474.216953
474.264615
474.312276
474.359935
474.407593
474.455250
474.502905
474.550558
474.598211
474.645862
474.693511
474.741160
474.788806
474.836452
474.884096
474.931738
474.979380
475.027020
475.074658
475.122295
475.169931
475.217565
475.265198
475.312830
475.360460
475.408089
475.455716
475.503342
475.550967
475.598590
475.646212
475.693832
475.741451
475.789069
475.836685
475.884300
475.931913
475.979525
476.027136
476.074746
476.122353
476.169960
476.217565
476.265169
476.312771
476.360372
476.407972
476.455570
476.503167
476.550762
476.598356
476.645949
476.693540
476.741130
476.788719
476.836306
476.883892
476.931476
476.979059
477.026641
477.074221
477.121799
477.169377
477.216953
477.264527
477.312101
477.359673
477.407243
477.454812
477.502380
477.549946
477.597511
477.645074
477.692637
477.740197
477.787757
477.835315
477.882871
477.930426
477.977980
478.025533
478.073084
478.120633
478.168181
478.215728
478.263274
478.310818
478.358361
478.405902
478.453442
478.500980
478.548517
478.596053
478.643588
478.691120
478.738652
478.786182
478.833711
478.881238
478.928765
478.976289
479.023812
479.071334
479.118855
479.166374
479.213892
479.261408
479.308923
479.356436
479.403948
479.451459
479.498969
479.546477
479.593983
479.641488
479.688992
479.736495
479.783996
479.831495
479.878994
479.926490
479.973986
480.021480
480.068973
480.116464
480.163954
480.211442
480.258930
480.306415
480.353900
480.401383
480.448864
480.496345
480.543823
480.591301
480.638777
480.686252
480.733725
480.781197
480.828667
480.876136
480.923604
480.971070
481.018535
481.065999
481.113461
481.160922
481.208381
481.255839
481.303296
481.350751
481.398205
481.445657
481.493108
481.540558
481.588006
481.635453
481.682899
481.730343
481.777786
481.825227
481.872667
481.920105
481.967543
482.014978
482.062413
482.109846
482.157277
482.204708
482.252137
482.299564
482.346990
482.394415
482.441838
482.489260
482.536680
482.584100
482.631517
482.678934
482.726349
482.773762
482.821174
482.868585
482.915995
482.963403
483.010809
483.058214
483.105618
483.153021
483.200422
483.247822
483.295220
483.342617
483.390012
483.437406
483.484799
483.532191
483.579581
483.626969
483.674356
483.721742
483.769127
483.816510
483.863891
483.911271
483.958650
484.006028
484.053404
484.100779
484.148152
484.195524
484.242894
484.290264
484.337631
484.384998
484.432363
484.479726
484.527088
484.574449
484.621809
484.669167
484.716523
484.763879
484.811233
484.858585
484.905936
484.953286
485.000634
485.047981
485.095327
485.142671
485.190014
485.237355
485.284695
485.332034
485.379371
485.426707
485.474041
485.521374
485.568706
485.616036
485.663365
485.710692
485.758019
485.805343
485.852667
485.899989
485.947309
485.994628
486.041946
486.089262
486.136577
486.183891
486.231203
486.278514
486.325824
486.373132
486.420438
486.467744
486.515047
486.562350
486.609651
486.656951
486.704249
486.751546
486.798842
486.846136
486.893429
486.940720
486.988010
487.035299
487.082586
487.129872
487.177156
487.224439
487.271721
487.319001
487.366280
487.413558
487.460834
487.508109
487.555382
487.602654
487.649925
487.697194
487.744462
487.791728
487.838993
487.886257
487.933519
487.980780
488.028039
488.075297
488.122554
488.169809
488.217063
488.264316
488.311567
488.358817
488.406065
488.453312
488.500558
488.547802
488.595045
488.642286
488.689526
488.736765
488.784002
488.831238
488.878472
488.925705
488.972937
489.020167
489.067396
489.114624
489.161850
489.209075
489.256298
489.303520
489.350741
489.397960
489.445178
489.492394
489.539609
489.586823
489.634035
489.681246
489.728456
489.775664
489.822870
489.870076
489.917280
489.964482
490.011683
490.058883
490.106082
490.153279
490.200474
490.247668
490.294861
490.342053
490.389243
490.436431
490.483619
490.530805
490.577989
490.625172
490.672354
490.719534
490.766713
490.813891
490.861067
490.908242
490.955415
491.002587
491.049758
491.096927
491.144095
491.191261
491.238426
491.285590
491.332752
491.379913
491.427073
491.474231
491.521388
491.568543
491.615697
491.662849
491.710001
491.757150
491.804299
491.851446
491.898591
491.945736
491.992879
492.040020
492.087160
492.134299
492.181436
492.228572
492.275707
492.322840
492.369971
492.417102
492.464231
492.511358
492.558485
492.605609
492.652733
492.699855
492.746975
492.794095
492.841213
492.888329
492.935444
492.982558
493.029670
493.076781
493.123891
493.170999
493.218105
493.265211
493.312315
493.359417
493.406519
493.453618
493.500717
493.547814
493.594910
493.642004
493.689097
493.736188
493.783278
493.830367
493.877454
493.924540
493.971625
494.018708
494.065790
494.112870
494.159949
494.207027
494.254103
494.301178
494.348251
494.395323
494.442394
494.489463
494.536531
494.583597
494.630663
494.677726
494.724789
494.771850
494.818909
494.865967
494.913024
494.960079
495.007133
495.054186
495.101237
495.148287
495.195336
495.242383
495.289428
495.336473
495.383516
495.430557
495.477597
495.524636
495.571673
495.618709
495.665744
495.712777
495.759809
495.806839
495.853868
495.900896
495.947922
495.994947
496.041970
496.088992
496.136013
496.183032
496.230050
496.277067
496.324082
496.371096
496.418108
496.465119
496.512129
496.559137
496.606143
496.653149
496.700153
496.747156
496.794157
496.841157
496.888155
496.935152
496.982148
497.029142
497.076135
497.123127
497.170117
497.217106
497.264093
497.311079
497.358063
497.405047
497.452028
497.499009
497.545988
497.592966
497.639942
497.686917
497.733890
497.780862
497.827833
497.874802
497.921770
497.968737
498.015702
498.062666
498.109628
498.156589
498.203549
498.250507
498.297464
498.344419
498.391373
498.438326
498.485277
498.532227
498.579175
498.626122
498.673068
498.720013
498.766955
498.813897
498.860837
498.907776
498.954713
499.001649
499.048584
499.095517
499.142449
499.189379
499.236308
499.283236
