# Generated by CAESAR Pro Ultimate
# Gas: H2O-HITRAN
# Math: Dynamic-ILS-Applied
9.27622692e-08
9.01422767e-08
8.76002791e-08
8.51511135e-08
8.28070142e-08
8.05745869e-08
7.84522464e-08
7.64290434e-08
7.44857322e-08
7.25973330e-08
7.07372074e-08
6.88813438e-08
6.70119324e-08
6.51198218e-08
6.32051633e-08
6.12763424e-08
5.93477470e-08
5.74372677e-08
5.55634656e-08
5.37436767e-08
5.19930614e-08
5.03244261e-08
4.87484952e-08
4.72744976e-08
4.59103228e-08
4.46620148e-08
4.35328106e-08
4.25216585e-08
4.16216772e-08
4.08191061e-08
4.00932370e-08
3.94171767e-08
3.87600729e-08
3.80899303e-08
3.73770298e-08
3.65970812e-08
3.57337844e-08
3.47802548e-08
3.37390754e-08
3.26212036e-08
3.14436997e-08
3.02269991e-08
2.89920143e-08
2.77575135e-08
2.65383961e-08
2.53447027e-08
2.41817571e-08
2.30510492e-08
2.19516031e-08
2.08816966e-08
1.98403831e-08
1.88285444e-08
1.78495041e-08
1.69088358e-08
1.60137621e-08
1.51719845e-08
1.43905763e-08
1.36746284e-08
1.30265369e-08
1.24454299e-08
1.19271989e-08
1.14650288e-08
1.10501430e-08
1.06728306e-08
1.03235015e-08
9.99360052e-09
9.67626347e-09
9.36670295e-09
9.06224656e-09
8.76207090e-09
8.46672239e-09
8.17755686e-09
7.89609119e-09
7.62347607e-09
7.36016788e-09
7.10571106e-09
6.85885694e-09
6.61777504e-09
6.38043003e-09
6.14503110e-09
5.91038227e-09
5.67614992e-09
5.44296883e-09
5.21235857e-09
4.98646778e-09
4.76774042e-09
4.55853104e-09
4.36074740e-09
4.17559480e-09
4.00347668e-09
3.84398659e-09
3.69604402e-09
3.55812572e-09
3.42847210e-09
3.30533812e-09
3.18713718e-09
3.07254802e-09
2.96052847e-09
2.85029402e-09
2.74124943e-09
2.63293500e-09
2.52498692e-09
2.41712372e-09
2.30917853e-09
2.20114661e-09
2.09323052e-09
1.98588519e-09
1.87981445e-09
1.77594274e-09
1.67534101e-09
1.57911734e-09
1.48830877e-09
1.40376379e-09
1.32606264e-09
1.25546869e-09
1.19191942e-09
1.13506779e-09
1.08435051e-09
1.03907331e-09
9.98500936e-10
9.61940527e-10
9.28791910e-10
8.98576020e-10
8.70934692e-10
8.45604833e-10
8.22378932e-10
8.01059521e-10
7.81420129e-10
7.63179817e-10
7.45993580e-10
7.29461312e-10
7.13150681e-10
6.96630093e-10
6.79507362e-10
6.61461950e-10
6.42272153e-10
6.21832628e-10
6.00160223e-10
5.77387915e-10
5.53752474e-10
5.29574303e-10
5.05231243e-10
4.81133386e-10
4.57693476e-10
4.35301948e-10
4.14303284e-10
3.94975697e-10
3.77519781e-10
3.62051007e-10
3.48602363e-10
3.37132547e-10
3.27542881e-10
3.19694660e-10
3.13431521e-10
3.08600249e-10
3.05069894e-10
3.02745809e-10
3.01579402e-10
3.01572804e-10
3.02780081e-10
3.05306834e-10
3.09310519e-10
3.15003405e-10
3.22659879e-10
3.32629397e-10
3.45352844e-10
3.61382956e-10
3.81403039e-10
4.06242204e-10
4.36885248e-10
4.74469966e-10
5.20273382e-10
5.75689165e-10
6.42187102e-10
7.21270519e-10
8.14416609e-10
9.23010416e-10
1.04827848e-09
1.19119970e-09
1.35242923e-09
1.53220299e-09
1.73025487e-09
1.94576717e-09
2.17732957e-09
2.42298503e-09
2.68031391e-09
2.94660615e-09
3.21912214e-09
3.49537255e-09
3.77342794e-09
4.05221087e-09
4.33165813e-09
4.61278498e-09
4.89752938e-09
5.18841955e-09
5.48808631e-09
5.79861684e-09
6.12092544e-09
6.45415715e-09
6.79529340e-09
7.13905666e-09
7.47810696e-09
7.80359692e-09
8.10602660e-09
8.37626749e-09
8.60658697e-09
8.79162432e-09
8.92905601e-09
9.01989397e-09
9.06837632e-09
9.08144518e-09
9.06789018e-09
9.03727029e-09
8.99876679e-09
8.96010946e-09
8.92670724e-09
8.90107991e-09
8.88265402e-09
8.86793703e-09
8.85103549e-09
8.82446097e-09
8.78012564e-09
8.71041514e-09
8.60921066e-09
8.47275465e-09
8.30025723e-09
8.09416420e-09
7.86010005e-09
7.60645318e-09
7.34372556e-09
7.08369862e-09
6.83851701e-09
6.61984952e-09
6.43813572e-09
6.30204598e-09
6.21811944e-09
6.19058238e-09
6.22132450e-09
6.30995776e-09
6.45393831e-09
6.64870090e-09
6.88782922e-09
7.16323157e-09
7.46541906e-09
7.78380791e-09
8.10725859e-09
8.42460738e-09
8.72542112e-09
9.00076123e-09
9.24389464e-09
9.45096052e-09
9.62137912e-09
9.75796841e-09
9.86672838e-09
9.95627602e-09
1.00369521e-08
1.01197214e-08
1.02149464e-08
1.03312338e-08
1.04744206e-08
1.06468973e-08
1.08473062e-08
1.10706601e-08
1.13088897e-08
1.15517542e-08
1.17880505e-08
1.20069932e-08
1.21996141e-08
1.23601720e-08
1.24872841e-08
1.25848297e-08
1.26624153e-08
1.27353920e-08
1.28243443e-08
1.29540767e-08
1.31520961e-08
1.34467664e-08
1.38651518e-08
1.44308811e-08
1.51621586e-08
1.60701209e-08
1.71577852e-08
1.84196600e-08
1.98421818e-08
2.14048769e-08
2.30818755e-08
2.48441777e-08
2.66618504e-08
2.85060160e-08
3.03505086e-08
3.21730544e-08
3.39555354e-08
3.56836869e-08
3.73463289e-08
3.89339847e-08
4.04376673e-08
4.18476042e-08
4.31525070e-08
4.43395466e-08
4.53948780e-08
4.63050887e-08
4.70590603e-08
4.76502430e-08
4.80789402e-08
4.83541295e-08
4.84946560e-08
4.85294262e-08
4.84966171e-08
4.84419548e-08
4.84163219e-08
4.84730907e-08
4.86655365e-08
4.90446484e-08
4.96575008e-08
5.05460487e-08
5.17460733e-08
5.32859612e-08
5.51846238e-08
5.74487129e-08
6.00683391e-08
6.30129944e-08
6.62268477e-08
6.96256234e-08
7.30956226e-08
7.64962882e-08
7.96660925e-08
8.24327349e-08
8.46259013e-08
8.60919693e-08
8.67086589e-08
8.63974164e-08
8.51321580e-08
8.29428994e-08
7.99139443e-08
7.61765233e-08
7.18975893e-08
6.72653708e-08
6.24745508e-08
5.77120612e-08
5.31448051e-08
4.89111579e-08
4.51157097e-08
4.18272963e-08
3.90801471e-08
3.68776026e-08
3.51965408e-08
3.39930645e-08
3.32083161e-08
3.27739753e-08
3.26173605e-08
3.26659260e-08
3.28511162e-08
3.31114059e-08
3.33945988e-08
3.36591736e-08
3.38748542e-08
3.40222898e-08
3.40920635e-08
3.40831371e-08
3.40009920e-08
3.38556913e-08
3.36600382e-08
3.34280713e-08
3.31738801e-08
3.29108207e-08
3.26510558e-08
3.24052842e-08
3.21825552e-08
3.19900359e-08
3.18326881e-08
3.17128611e-08
3.16297781e-08
3.15791409e-08
3.15528780e-08
3.15392346e-08
3.15232569e-08
3.14877083e-08
3.14143493e-08
3.12854684e-08
3.10854299e-08
3.08021049e-08
3.04278993e-08
2.99602844e-08
2.94018572e-08
2.87597046e-08
2.80445951e-08
2.72697462e-08
2.64496293e-08
2.55990383e-08
2.47322352e-08
2.38625308e-08
2.30021823e-08
2.21624534e-08
2.13536859e-08
2.05853954e-08
1.98661232e-08
1.92030056e-08
1.86012290e-08
1.80632523e-08
1.75881532e-08
1.71711349e-08
1.68033811e-08
1.64724501e-08
1.61631129e-08
1.58586902e-08
1.55426647e-08
1.52003620e-08
1.48205138e-08
1.43964289e-08
1.39265983e-08
1.34146669e-08
1.28688624e-08
1.23007853e-08
1.17239241e-08
1.11520652e-08
1.05977680e-08
1.00711547e-08
9.57909988e-09
9.12494280e-09
8.70870533e-09
8.32768531e-09
7.97734507e-09
7.65229626e-09
7.34725378e-09
7.05784816e-09
6.78108259e-09
6.51551312e-09
6.26111931e-09
6.01891104e-09
5.79036689e-09
5.57686245e-09
5.37915283e-09
5.19700561e-09
5.02907869e-09
4.87299712e-09
4.72565779e-09
4.58366262e-09
4.44380207e-09
4.30352889e-09
4.16130042e-09
4.01677754e-09
3.87082708e-09
3.72533495e-09
3.58289409e-09
3.44639841e-09
3.31861137e-09
3.20180256e-09
3.09746466e-09
3.00618232e-09
2.92763466e-09
2.86072225e-09
2.80380058e-09
2.75495224e-09
2.71227229e-09
2.67411051e-09
2.63924322e-09
2.60696581e-09
2.57709387e-09
2.54989663e-09
2.52597663e-09
2.50612228e-09
2.49116248e-09
2.48183880e-09
2.47871120e-09
2.48210656e-09
2.49210854e-09
2.50858638e-09
2.53125418e-09
2.55975466e-09
2.59375274e-09
2.63303736e-09
2.67761530e-09
2.72779582e-09
2.78426294e-09
2.84812078e-09
2.92092469e-09
3.00467928e-09
3.10181278e-09
3.21513154e-09
3.34773794e-09
3.50292741e-09
3.68407444e-09
3.89447733e-09
4.13721368e-09
4.41495397e-09
4.72976788e-09
5.08293833e-09
5.47471841e-09
5.90413671e-09
6.36875854e-09
6.86449451e-09
7.38550338e-09
7.92413531e-09
8.47104342e-09
9.01549903e-09
9.54589864e-09
1.00504006e-08
1.05178771e-08
1.09389110e-08
1.13068297e-08
1.16187058e-08
1.18761607e-08
1.20858910e-08
1.22597872e-08
1.24145982e-08
1.25711389e-08
1.27530470e-08
1.29851839e-08
1.32917966e-08
1.36945389e-08
1.42106233e-08
1.48511862e-08
1.56200085e-08
1.65127469e-08
1.75168086e-08
1.86117284e-08
1.97701586e-08
2.09594324e-08
2.21433265e-08
2.32842184e-08
2.43451079e-08
2.52915949e-08
2.60936551e-08
2.67269334e-08
2.71737879e-08
2.74238294e-08
2.74741563e-08
2.73292355e-08
2.70004512e-08
2.65053887e-08
2.58667841e-08
2.51112754e-08
2.42678430e-08
2.33662229e-08
2.24351596e-08
2.15010342e-08
2.05864346e-08
1.97095694e-08
1.88838394e-08
1.81180434e-08
1.74170752e-08
1.67826748e-08
1.62143750e-08
1.57103486e-08
1.52680010e-08
1.48842688e-08
1.45557326e-08
1.42785401e-08
1.40482885e-08
1.38600099e-08
1.37083426e-08
1.35878419e-08
1.34934716e-08
1.34211453e-08
1.33681944e-08
1.33336616e-08
1.33183313e-08
1.33244775e-08
1.33553529e-08
1.34145037e-08
1.35050358e-08
1.36289481e-08
1.37866512e-08
1.39767589e-08
1.41961494e-08
1.44402905e-08
1.47037616e-08
1.49808521e-08
1.52660773e-08
1.55546095e-08
1.58424490e-08
1.61262870e-08
1.64032315e-08
1.66702330e-08
1.69235609e-08
1.71582816e-08
1.73679898e-08
1.75447994e-08
1.76797168e-08
1.77633053e-08
1.77866022e-08
1.77421297e-08
1.76248338e-08
1.74328169e-08
1.71677193e-08
1.68347430e-08
1.64422701e-08
1.60012311e-08
1.55242909e-08
1.50249588e-08
1.45168343e-08
1.40129140e-08
1.35251273e-08
1.30639744e-08
1.26382201e-08
1.22546855e-08
1.19179607e-08
1.16302187e-08
1.13909405e-08
1.11968899e-08
1.10421630e-08
1.09185283e-08
1.08160184e-08
1.07237373e-08
1.06308050e-08
1.05273342e-08
1.04052899e-08
1.02591066e-08
1.00860019e-08
9.88594120e-09
9.66127581e-09
9.41614806e-09
9.15582104e-09
8.88592328e-09
8.61191971e-09
8.33866589e-09
8.07024011e-09
7.80991019e-09
7.56026519e-09
7.32337932e-09
7.10093894e-09
6.89432837e-09
6.70458208e-09
6.53228531e-09
6.37741598e-09
6.23918929e-09
6.11598867e-09
6.00537467e-09
5.90423001e-09
5.80899985e-09
5.71599754e-09
5.62174383e-09
5.52327078e-09
5.41834682e-09
5.30561443e-09
5.18460019e-09
5.05564050e-09
4.91970656e-09
4.77821710e-09
4.63278624e-09
4.48505255e-09
4.33649894e-09
4.18834889e-09
4.04154112e-09
3.89672112e-09
3.75429461e-09
3.61450682e-09
3.47752091e-09
3.34347853e-09
3.21255751e-09
3.08499690e-09
2.96109478e-09
2.84119301e-09
2.72567015e-09
2.61490266e-09
2.50924513e-09
2.40902915e-09
2.31452691e-09
2.22596195e-09
2.14348119e-09
2.06714036e-09
1.99689704e-09
1.93258649e-09
1.87391630e-09
1.82047046e-09
1.77172091e-09
1.72704569e-09
1.68575905e-09
1.64713934e-09
1.61045241e-09
1.57497613e-09
1.54001458e-09
1.50491622e-09
1.46909217e-09
1.43203801e-09
1.39336752e-09
1.35284524e-09
1.31042395e-09
1.26627247e-09
1.22078488e-09
1.17457402e-09
1.12843277e-09
1.08327818e-09
1.04007475e-09
9.99746387e-10
9.63095913e-10
9.30734226e-10
9.03028853e-10
8.80083464e-10
8.61739939e-10
8.47609403e-10
8.37121015e-10
8.29583468e-10
8.24253455e-10
8.20400828e-10
8.17366961e-10
8.14610097e-10
8.11735286e-10
8.08508156e-10
8.04852701e-10
8.00835189e-10
7.96638352e-10
7.92528833e-10
7.88823368e-10
7.85856018e-10
7.83950693e-10
7.83398348e-10
7.84441220e-10
7.87261684e-10
7.91976282e-10
7.98632779e-10
8.07213389e-10
8.17640818e-10
8.29793821e-10
8.43528832e-10
8.58712158e-10
8.75257325e-10
8.93168725e-10
9.12581791e-10
9.33796286e-10
9.57296855e-10
9.83754473e-10
1.01400745e-09
1.04899676e-09
1.08972156e-09
1.13716013e-09
1.19218842e-09
1.25550477e-09
1.32757142e-09
1.40856683e-09
1.49836215e-09
1.59652427e-09
1.70234013e-09
1.81484418e-09
1.93288727e-09
2.05520514e-09
2.18049349e-09
2.30749490e-09
2.43509822e-09
2.56242298e-09
2.68890787e-09
2.81439814e-09
2.93919972e-09
3.06413186e-09
3.19053236e-09
3.32023374e-09
3.45550460e-09
3.59892591e-09
3.75324596e-09
3.92115412e-09
4.10508376e-09
4.30692319e-09
4.52782136e-09
4.76793666e-09
5.02632511e-09
5.30085581e-09
5.58827507e-09
5.88434703e-09
6.18412161e-09
6.48232096e-09
6.77375645e-09
7.05383404e-09
7.31901745e-09
7.56727151e-09
7.79844318e-09
8.01450464e-09
8.21968706e-09
8.42048385e-09
8.62551094e-09
8.84520858e-09
9.09147491e-09
9.37717439e-09
9.71556059e-09
1.01196465e-08
1.06015699e-08
1.11719051e-08
1.18390065e-08
1.26084468e-08
1.34824575e-08
1.44595042e-08
1.55340492e-08
1.66964604e-08
1.79330700e-08
1.92265309e-08
2.05563898e-08
2.19000552e-08
2.32338659e-08
2.45346483e-08
2.57812967e-08
2.69565515e-08
2.80487821e-08
2.90534838e-08
2.99741730e-08
3.08228612e-08
3.16195418e-08
3.23906680e-08
3.31670684e-08
3.39808356e-08
3.48621650e-08
3.58360204e-08
3.69194208e-08
3.81194138e-08
3.94323306e-08
4.08441078e-08
4.23318583e-08
4.38662939e-08
4.54150269e-08
4.69455325e-08
4.84285083e-08
4.98403776e-08
5.11654807e-08
5.23974695e-08
5.35403513e-08
5.46093421e-08
5.56315224e-08
5.66466429e-08
5.77080178e-08
5.88832841e-08
6.02545072e-08
6.19178422e-08
6.39812591e-08
6.65611028e-08
6.97762981e-08
7.37411511e-08
7.85563375e-08
8.42992192e-08
9.10147530e-08
9.87068005e-08
1.07332718e-07
1.16800113e-07
1.26967719e-07
1.37651034e-07
1.48630510e-07
1.59664976e-07
1.70506413e-07
1.80917413e-07
1.90690340e-07
1.99665269e-07
2.07747767e-07
2.14925267e-07
2.21279400e-07
2.26995662e-07
2.32367032e-07
2.37791918e-07
2.43765210e-07
2.50860577e-07
2.59705401e-07
2.70946657e-07
2.85209609e-07
3.03051890e-07
3.24912436e-07
3.51063304e-07
3.81563069e-07
4.16219568e-07
4.54568339e-07
4.95864224e-07
5.39094842e-07
5.83018792e-07
6.26218749e-07
6.67179740e-07
7.04374020e-07
7.36354936e-07
7.61850422e-07
7.79841528e-07
7.89628106e-07
7.90868152e-07
7.83593859e-07
7.68200603e-07
7.45413245e-07
7.16230626e-07
6.81862561e-07
6.43648056e-07
6.02986277e-07
5.61259131e-07
5.19767911e-07
4.79683295e-07
4.42007525e-07
4.07549081e-07
3.76916437e-07
3.50521373e-07
3.28590615e-07
3.11187728e-07
2.98233816e-07
2.89532730e-07
2.84789164e-07
2.83628377e-07
2.85610726e-07
2.90245317e-07
2.97004521e-07
3.05340092e-07
3.14703552e-07
3.24568716e-07
3.34457777e-07
3.43964141e-07
3.52774940e-07
3.60681586e-07
3.67583544e-07
3.73479008e-07
3.78444162e-07
3.82606573e-07
3.86112447e-07
3.89097308e-07
3.91661910e-07
3.93858967e-07
3.95691377e-07
3.97122327e-07
3.98093952e-07
3.98550837e-07
3.98463274e-07
3.97845628e-07
3.96766359e-07
3.95347741e-07
3.93755454e-07
3.92179463e-07
3.90809543e-07
3.89808827e-07
3.89289218e-07
3.89292296e-07
3.89778070e-07
3.90623415e-07
3.91630705e-07
3.92545710e-07
3.93083428e-07
3.92958563e-07
3.91917196e-07
3.89765708e-07
3.86392705e-07
3.81781031e-07
3.76007796e-07
3.69231629e-07
3.61670174e-07
3.53569490e-07
3.45172113e-07
3.36687671e-07
3.28270575e-07
3.20009981e-07
3.11930522e-07
3.04006568e-07
2.96181548e-07
2.88394737e-07
2.80602736e-07
2.72798690e-07
2.65019260e-07
2.57343286e-07
2.49879483e-07
2.42748443e-07
2.36061244e-07
2.29899006e-07
2.24298564e-07
2.19244761e-07
2.14672266e-07
2.10474894e-07
2.06520533e-07
2.02669413e-07
1.98791649e-07
1.94781335e-07
1.90565385e-07
1.86106842e-07
1.81401398e-07
1.76470070e-07
1.71349656e-07
1.66082866e-07
1.60709953e-07
1.55264202e-07
1.49770879e-07
1.44249286e-07
1.38718025e-07
1.33200267e-07
1.27729077e-07
1.22350233e-07
1.17121631e-07
1.12110012e-07
1.07384464e-07
1.03007839e-07
9.90285070e-08
9.54725962e-08
9.23395064e-08
8.96002603e-08
8.72004942e-08
8.50658326e-08
8.31109887e-08
8.12491889e-08
7.94017799e-08
7.75062406e-08
7.55214335e-08
7.34297120e-08
7.12356089e-08
6.89616922e-08
6.66427220e-08
6.43182558e-08
6.20256734e-08
5.97943465e-08
5.76415414e-08
5.55704569e-08
5.35708842e-08
5.16218270e-08
4.96955977e-08
4.77630919e-08
4.57988561e-08
4.37858037e-08
4.17185610e-08
3.96050019e-08
3.74662263e-08
3.53344206e-08
3.32495671e-08
3.12550517e-08
2.93927687e-08
2.76987067e-08
2.61991484e-08
2.49079521e-08
2.38254541e-08
2.29385961e-08
2.22225912e-08
2.16435065e-08
2.11617815e-08
2.07358619e-08
2.03260325e-08
1.98976473e-08
1.94237845e-08
1.88869186e-08
1.82796712e-08
1.76044860e-08
1.68724947e-08
1.61016493e-08
1.53143334e-08
1.45348706e-08
1.37870591e-08
1.30919880e-08
1.24663907e-08
1.19217231e-08
1.14637645e-08
1.10929789e-08
1.08054720e-08
1.05942142e-08
1.04506226e-08
1.03660339e-08
1.03330497e-08
1.03465433e-08
1.04042330e-08
1.05068335e-08
1.06578021e-08
1.08627899e-08
1.11289511e-08
1.14642176e-08
1.18766932e-08
1.23742740e-08
1.29645172e-08
1.36546327e-08
1.44517364e-08
1.53630654e-08
1.63958946e-08
1.75575199e-08
1.88544167e-08
2.02913615e-08
2.18700645e-08
2.35873468e-08
2.54336670e-08
2.73916910e-08
2.94353123e-08
3.15294969e-08
3.36311880e-08
3.56909165e-08
3.76554103e-08
3.94709652e-08
4.10868236e-08
4.24587489e-08
4.35518205e-08
4.43425074e-08
4.48196841e-08
4.49843736e-08
4.48485377e-08
4.44329791e-08
4.37648153e-08
4.28747779e-08
4.17948596e-08
4.05563738e-08
3.91888542e-08
3.77196266e-08
3.61741257e-08
3.45763979e-08
3.29503831e-08
3.13205960e-08
2.97129809e-08
2.81550580e-08
2.66758186e-08
2.53050362e-08
2.40721084e-08
2.30048459e-08
2.21279374e-08
2.14617434e-08
2.10209241e-08
2.08136282e-08
2.08407938e-08
2.10957714e-08
2.15642461e-08
2.22244002e-08
2.30474161e-08
2.39982186e-08
2.50365793e-08
2.61186737e-08
2.71988624e-08
2.82319661e-08
2.91756007e-08
2.99926381e-08
3.06535575e-08
3.11382910e-08
3.14375985e-08
3.15535956e-08
3.14995064e-08
3.12985693e-08
3.09822144e-08
3.05877119e-08
3.01554689e-08
2.97262488e-08
2.93386107e-08
2.90265665e-08
2.88177683e-08
2.87322185e-08
2.87814900e-08
2.89684595e-08
2.92875128e-08
2.97251878e-08
3.02610972e-08
3.08693488e-08
3.15200286e-08
3.21811176e-08
3.28203961e-08
3.34074940e-08
3.39157257e-08
3.43237704e-08
3.46168125e-08
3.47873121e-08
3.48350171e-08
3.47664886e-08
3.45940253e-08
3.43342048e-08
3.40061879e-08
3.36299842e-08
3.32248289e-08
3.28078423e-08
3.23931328e-08
3.19911459e-08
3.16085779e-08
3.12484365e-08
3.09104288e-08
3.05914053e-08
3.02859074e-08
2.99866467e-08
2.96850337e-08
2.93715523e-08
2.90362518e-08
2.86691270e-08
2.82605496e-08
2.78017821e-08
2.72853433e-08
2.67055556e-08
2.60588757e-08
2.53441975e-08
2.45631478e-08
2.37200823e-08
2.28220301e-08
2.18785257e-08
2.09012755e-08
1.99036354e-08
1.89001054e-08
1.79056884e-08
1.69351379e-08
1.60023451e-08
1.51196043e-08
1.42971081e-08
1.35425136e-08
1.28606457e-08
1.22535150e-08
1.17204310e-08
1.12584124e-08
1.08627129e-08
1.05274396e-08
1.02462728e-08
1.00130886e-08
9.82255614e-09
9.67047819e-09
9.55402496e-09
9.47166986e-09
9.42294535e-09
9.40801326e-09
9.42710698e-09
9.47993382e-09
9.56511839e-09
9.67976503e-09
9.81921979e-09
9.97704932e-09
1.01452606e-08
1.03147414e-08
1.04758518e-08
1.06190669e-08
1.07356724e-08
1.08183068e-08
1.08614139e-08
1.08614838e-08
1.08171212e-08
1.07289418e-08
1.05993465e-08
1.04322007e-08
1.02324933e-08
1.00059698e-08
9.75880954e-09
9.49732438e-09
9.22766849e-09
8.95561031e-09
8.68628225e-09
8.42399243e-09
8.17204993e-09
7.93262044e-09
7.70667671e-09
7.49400913e-09
7.29330991e-09
7.10237299e-09
6.91833102e-09
6.73797457e-09
6.55805638e-09
6.37563399e-09
6.18830112e-09
5.99443959e-09
5.79332202e-09
5.58518305e-09
5.37117450e-09
5.15328387e-09
4.93415943e-09
4.71692213e-09
4.50493377e-09
4.30153623e-09
4.10981675e-09
3.93237353e-09
3.77110239e-09
3.62705819e-09
3.50035213e-09
3.39015074e-09
3.29473228e-09
3.21165167e-09
3.13793449e-09
3.07035862e-09
3.00572143e-09
2.94111648e-09
2.87415603e-09
2.80313983e-09
2.72713335e-09
2.64597249e-09
2.56018853e-09
2.47086747e-09
2.37948277e-09
2.28771118e-09
2.19725399e-09
2.10970172e-09
2.02642590e-09
1.94852996e-09
1.87683692e-09
1.81190733e-09
1.75408971e-09
1.70356869e-09
1.66041942e-09
1.62464506e-09
1.59619517e-09
1.57497055e-09
1.56080600e-09
1.55344719e-09
1.55251751e-09
1.55749282e-09
1.56768310e-09
1.58223110e-09
1.60012831e-09
1.62025006e-09
1.64141008e-09
1.66242621e-09
1.68219589e-09
1.69977495e-09
1.71444913e-09
1.72579796e-09
1.73373857e-09
1.73855333e-09
1.74088959e-09
1.74173639e-09
1.74237515e-09
1.74430671e-09
1.74915776e-09
1.75857266e-09
1.77409699e-09
1.79706145e-09
1.82847768e-09
1.86895612e-09
1.91864776e-09
1.97723372e-09
2.04394671e-09
2.11764389e-09
2.19690699e-09
2.28018264e-09
2.36592831e-09
2.45276434e-09
2.53961851e-09
2.62583026e-09
2.71123224e-09
2.79616171e-09
2.88145584e-09
2.96835878e-09
3.05841696e-09
3.15332584e-09
3.25475146e-09
3.36414818e-09
3.48257739e-09
3.61055374e-09
3.74792231e-09
3.89377634e-09
4.04643892e-09
4.20350107e-09
4.36193634e-09
4.51825208e-09
4.66871762e-09
4.80960447e-09
4.93747380e-09
5.04944625e-09
5.14347069e-09
5.21855649e-09
5.27497384e-09
5.31436990e-09
5.33984477e-09
5.35593605e-09
5.36853153e-09
5.38469461e-09
5.41241442e-09
5.46027755e-09
5.53708124e-09
5.65140449e-09
5.81118030e-09
6.02328198e-09
6.29320575e-09
6.62483625e-09
7.02040218e-09
7.48056224e-09
8.00468686e-09
8.59127622e-09
9.23852727e-09
9.94494186e-09
1.07098907e-08
1.15341383e-08
1.24201998e-08
1.33725747e-08
1.43977560e-08
1.55040031e-08
1.67010059e-08
1.79993751e-08
1.94101556e-08
2.09441047e-08
2.26111791e-08
2.44197724e-08
2.63762664e-08
2.84840850e-08
3.07435311e-08
3.31507120e-08
3.56973016e-08
3.83701291e-08
4.11505064e-08
4.40147937e-08
4.69339932e-08
4.98747532e-08
5.27999154e-08
5.56698819e-08
5.84437032e-08
6.10807663e-08
6.35420807e-08
6.57916830e-08
6.77980111e-08
6.95347700e-08
7.09817442e-08
7.21254528e-08
7.29593934e-08
7.34843495e-08
7.37084301e-08
7.36471493e-08
7.33234412e-08
7.27676621e-08
7.20175326e-08
7.11180652e-08
7.01213598e-08
6.90861125e-08
6.80769426e-08
6.71632560e-08
6.64175472e-08
6.59132705e-08
6.57220002e-08
6.59101589e-08
6.65353258e-08
6.76423081e-08
6.92596389e-08
7.13962545e-08
7.40395812e-08
7.71550171e-08
8.06866434e-08
8.45611281e-08
8.86921085e-08
9.29877284e-08
9.73584300e-08
1.01726078e-07
1.06032073e-07
1.10244962e-07
1.14365316e-07
1.18428114e-07
1.22501628e-07
1.26683010e-07
1.31090339e-07
1.35851590e-07
1.41091624e-07
1.46918545e-07
1.53408794e-07
1.60595773e-07
1.68459071e-07
1.76918529e-07
1.85832540e-07
1.95002075e-07
2.04179782e-07
2.13082412e-07
2.21409326e-07
2.28861881e-07
2.35163207e-07
2.40077122e-07
2.43424208e-07
2.45092700e-07
2.45044597e-07
2.43316043e-07
2.40012482e-07
2.35299352e-07
2.29389971e-07
2.22531754e-07
2.14991502e-07
2.07042264e-07
1.98951400e-07
1.90970014e-07
1.83325625e-07
1.76215436e-07
1.69802521e-07
1.64212131e-07
1.59530110e-07
1.55801609e-07
1.53030891e-07
1.51181868e-07
1.50179990e-07
1.49915379e-07
1.50247262e-07
1.51010004e-07
1.52020705e-07
1.53088204e-07
1.54022868e-07
1.54647291e-07
1.54806405e-07
1.54377054e-07
1.53275756e-07
1.51464146e-07
1.48951641e-07
1.45795016e-07
1.42094646e-07
1.37987776e-07
1.33640056e-07
1.29234293e-07
1.24958684e-07
1.20995526e-07
1.17508954e-07
1.14635884e-07
1.12477374e-07
1.11093415e-07
1.10500114e-07
1.10670283e-07
1.11537041e-07
1.13000476e-07
1.14936730e-07
1.17209052e-07
1.19679385e-07
1.22219645e-07
1.24721575e-07
1.27103556e-07
1.29314387e-07
1.31332905e-07
1.33164173e-07
1.34832816e-07
1.36374227e-07
1.37825524e-07
1.39216852e-07
1.40565109e-07
1.41869800e-07
1.43112073e-07
1.44256391e-07
1.45254457e-07
1.46050271e-07
1.46585788e-07
1.46806048e-07
1.46663460e-07
1.46120836e-07
1.45153221e-07
1.43748653e-07
1.41908321e-07
1.39646342e-07
1.36989186e-07
1.33975338e-07
1.30654394e-07
1.27086237e-07
1.23339572e-07
1.19489554e-07
1.15615192e-07
1.11795943e-07
1.08107752e-07
1.04619129e-07
1.01388019e-07
9.84583631e-08
9.58580444e-08
9.35981660e-08
9.16724142e-08
9.00585204e-08
8.87196786e-08
8.76070027e-08
8.66625124e-08
8.58220973e-08
8.50188205e-08
8.41862390e-08
8.32616402e-08
8.21890917e-08
8.09223697e-08
7.94275028e-08
7.76847429e-08
7.56898349e-08
7.34547468e-08
7.10069295e-08
6.83876802e-08
6.56498840e-08
6.28538389e-08
6.00636378e-08
5.73422023e-08
5.47468194e-08
5.23255242e-08
5.01137103e-08
4.81323632e-08
4.63876706e-08
4.48718746e-08
4.35652579e-08
4.24392510e-08
4.14599417e-08
4.05916494e-08
3.98003375e-08
3.90562207e-08
3.83356187e-08
3.76217692e-08
3.69046488e-08
3.61800944e-08
3.54482370e-08
3.47117569e-08
3.39741032e-08
3.32379294e-08
3.25040978e-08
3.17711287e-08
3.10353475e-08
3.02914922e-08
2.95337539e-08
2.87568733e-08
2.79575005e-08
2.71350627e-08
2.62924779e-08
2.54362451e-08
2.45761481e-08
2.37244371e-08
2.28945865e-08
2.20999608e-08
2.13523041e-08
2.06604973e-08
2.00295635e-08
1.94600639e-08
1.89480638e-08
1.84855359e-08
1.80611697e-08
1.76615700e-08
1.72725607e-08
1.68805790e-08
1.64739206e-08
1.60437235e-08
1.55846148e-08
1.50950403e-08
1.45770904e-08
1.40360244e-08
1.34795905e-08
1.29170320e-08
1.23581008e-08
1.18121242e-08
1.12871862e-08
1.07894861e-08
1.03230351e-08
9.88953284e-09
9.48862623e-09
9.11820986e-09
8.77506766e-09
8.45543253e-09
8.15560736e-09
7.87250484e-09
7.60402537e-09
7.34926905e-09
7.10853989e-09
6.88318345e-09
6.67528777e-09
6.48727223e-09
6.32144686e-09
6.17957759e-09
6.06254795e-09
5.97010574e-09
5.90076466e-09
5.85182647e-09
5.81954286e-09
5.79937097e-09
5.78629884e-09
5.77519772e-09
5.76117061e-09
5.73985532e-09
5.70766721e-09
5.66195872e-09
5.60110606e-09
5.52450111e-09
5.43249225e-09
5.32626536e-09
5.20769419e-09
5.07916231e-09
4.94339832e-09
4.80329819e-09
4.66178577e-09
4.52167269e-09
4.38556531e-09
4.25578866e-09
4.13434609e-09
4.02290085e-09
3.92279268e-09
3.83508218e-09
3.76060546e-09
3.70004140e-09
3.65397322e-09
3.62294239e-09
3.60748469e-09
3.60812782e-09
3.62536971e-09
3.65962348e-09
3.71114302e-09
3.77994392e-09
3.86572264e-09
3.96780773e-09
4.08511882e-09
4.21620649e-09
4.35928468e-09
4.51234580e-09
4.67329009e-09
4.84004204e-09
5.01072208e-09
5.18371617e-09
5.35776707e-09
5.53196164e-09
5.70568782e-09
5.87850436e-09
6.04999699e-09
6.21959106e-09
6.38638873e-09
6.54906390e-09
6.70581438e-09
6.85442682e-09
6.99246220e-09
7.11752497e-09
7.22763923e-09
7.32165100e-09
7.39964098e-09
7.46329220e-09
7.51615417e-09
7.56379668e-09
7.61381870e-09
7.67573142e-09
7.76073799e-09
7.88143492e-09
8.05147786e-09
8.28525422e-09
8.59753887e-09
9.00318412e-09
9.51673034e-09
1.01520123e-08
1.09214795e-08
1.18355883e-08
1.29016630e-08
1.41228564e-08
1.54969200e-08
1.70147868e-08
1.86596713e-08
2.04063871e-08
2.22211839e-08
2.40623842e-08
2.58819714e-08
2.76277189e-08
2.92463468e-08
3.06866767e-08
3.19035756e-08
3.28609823e-08
3.35349178e-08
3.39153397e-08
3.40069425e-08
3.38288432e-08
3.34131423e-08
3.28025349e-08
3.20472616e-08
3.12018037e-08
3.03215825e-08
2.94600337e-08
2.86662045e-08
2.79832251e-08
2.74474519e-08
2.70885007e-08
2.69298458e-08
2.69900053e-08
2.72840097e-08
2.78250187e-08
2.86259470e-08
2.97009537e-08
3.10666223e-08
3.27428677e-08
3.47534484e-08
3.71262488e-08
3.98932014e-08
4.30897630e-08
4.67542256e-08
5.09265844e-08
5.56474144e-08
6.09557411e-08
6.68872099e-08
7.34708967e-08
8.07267066e-08
8.86604551e-08
9.72615244e-08
1.06496925e-07
1.16308633e-07
1.26610430e-07
1.37285711e-07
1.48187686e-07
1.59141385e-07
1.69948833e-07
1.80396443e-07
1.90263055e-07
1.99332351e-07
2.07404395e-07
2.14306881e-07
2.19905606e-07
2.24112876e-07
2.26891935e-07
2.28258267e-07
2.28276983e-07
2.27056393e-07
2.24738773e-07
2.21489187e-07
2.17483612e-07
2.12897144e-07
2.07894327e-07
2.02621214e-07
1.97201072e-07
1.91732941e-07
1.86292726e-07
1.80937459e-07
1.75710117e-07
1.70646590e-07
1.65780381e-07
1.61148778e-07
1.56795622e-07
1.52773234e-07
1.49142608e-07
1.45971779e-07
1.43332761e-07
1.41298062e-07
1.39936484e-07
1.39308811e-07
1.39463934e-07
1.40435173e-07
1.42237186e-07
1.44863592e-07
1.48284658e-07
1.52446710e-07
1.57270943e-07
1.62654527e-07
1.68471743e-07
1.74577281e-07
1.80810061e-07
1.86998694e-07
1.92968471e-07
1.98548242e-07
2.03578617e-07
2.07919043e-07
2.11454466e-07
2.14100740e-07
2.15807602e-07
2.16559965e-07
2.16376556e-07
2.15306650e-07
2.13424859e-07
2.10824703e-07
2.07611597e-07
2.03895566e-07
1.99785097e-07
1.95381604e-07
1.90776036e-07
1.86047022e-07
1.81260443e-07
1.76471231e-07
1.71725526e-07
1.67064248e-07
1.62526545e-07
1.58152693e-07
1.53987026e-07
1.50079228e-07
1.46485268e-07
1.43267033e-07
1.40490878e-07
1.38225846e-07
1.36540966e-07
1.35501952e-07
1.35167671e-07
1.35585968e-07
1.36789292e-07
1.38789972e-07
1.41575768e-07
1.45105579e-07
1.49306531e-07
1.54072164e-07
1.59262818e-07
1.64708912e-07
1.70216143e-07
1.75574140e-07
1.80566434e-07
1.84982175e-07
1.88628473e-07
1.91341387e-07
1.92995493e-07
1.93510773e-07
1.92855956e-07
1.91048555e-07
1.88151555e-07
1.84267508e-07
1.79530318e-07
1.74096563e-07
1.68135932e-07
1.61822957e-07
1.55329566e-07
1.48818524e-07
1.42439070e-07
1.36323385e-07
1.30583775e-07
1.25310833e-07
1.20572967e-07
1.16415046e-07
1.12858541e-07
1.09902361e-07
1.07524241e-07
1.05683206e-07
1.04322849e-07
1.03375575e-07
1.02767392e-07
1.02422791e-07
1.02269432e-07
1.02242140e-07
1.02285916e-07
1.02357653e-07
1.02426537e-07
1.02473187e-07
1.02487763e-07
1.02467386e-07
1.02413217e-07
1.02327597e-07
1.02211555e-07
1.02062915e-07
1.01875169e-07
1.01637122e-07
1.01333294e-07
1.00944962e-07
1.00451646e-07
9.98329665e-08
9.90705485e-08
9.81499591e-08
9.70624177e-08
9.58060731e-08
9.43869377e-08
9.28192195e-08
9.11249334e-08
8.93331391e-08
8.74783533e-08
8.55988052e-08
8.37340425e-08
8.19229134e-08
8.02008471e-08
7.85982032e-08
7.71382830e-08
7.58361026e-08
7.46978324e-08
7.37204303e-08
7.28920392e-08
7.21928635e-08
7.15964160e-08
7.10710858e-08
7.05820396e-08
7.00932236e-08
6.95693889e-08
6.89780353e-08
6.82912371e-08
6.74870145e-08
6.65503397e-08
6.54738275e-08
6.42575573e-08
6.29088723e-08
6.14413385e-08
5.98734855e-08
5.82275368e-08
5.65276415e-08
5.47983401e-08
5.30632183e-08
5.13437241e-08
4.96581766e-08
4.80213407e-08
4.64442361e-08
4.49342081e-08
4.34953201e-08
4.21291554e-08
4.08353544e-08
3.96123740e-08
3.84583345e-08
3.73712452e-08
3.63495704e-08
3.53920886e-08
3.44978222e-08
3.36655860e-08
3.28935782e-08
3.21788052e-08
3.15167105e-08
3.09009195e-08
3.03231900e-08
2.97737157e-08
2.92416441e-08
2.87157702e-08
2.81854266e-08
2.76412893e-08
2.70761548e-08
2.64854784e-08
2.58675962e-08
2.52237256e-08
2.45575703e-08
2.38747777e-08
2.31822036e-08
2.24870787e-08
2.17963268e-08
2.11158892e-08
2.04504367e-08
1.98030375e-08
1.91753643e-08
1.85678396e-08
1.79800353e-08
1.74111537e-08
1.68604848e-08
1.63277735e-08
1.58135520e-08
1.53192989e-08
1.48474202e-08
1.44011537e-08
1.39843169e-08
1.36009497e-08
1.32549229e-08
1.29495874e-08
1.26873612e-08
1.24694464e-08
1.22956390e-08
1.21642388e-08
1.20720783e-08
1.20146923e-08
1.19865810e-08
1.19815589e-08
1.19931628e-08
1.20150703e-08
1.20414971e-08
1.20675327e-08
1.20893872e-08
1.21045211e-08
1.21116568e-08
1.21106705e-08
1.21023879e-08
1.20883123e-08
1.20703220e-08
1.20503809e-08
1.20302955e-08
1.20115530e-08
1.19952525e-08
1.19821371e-08
1.19727110e-08
1.19674176e-08
1.19668471e-08
1.19719348e-08
1.19841161e-08
1.20054114e-08
1.20384289e-08
1.20862817e-08
1.21524404e-08
1.22405410e-08
1.23541868e-08
1.24967935e-08
1.26714864e-08
1.28810921e-08
1.31282434e-08
1.34155438e-08
1.37458348e-08
1.41224393e-08
1.45494405e-08
1.50317740e-08
1.55753669e-08
1.61869075e-08
1.68736413e-08
1.76428610e-08
1.85013933e-08
1.94548919e-08
2.05072672e-08
2.16600584e-08
2.29119897e-08
2.42588079e-08
2.56931937e-08
2.72049733e-08
2.87816542e-08
3.04089191e-08
3.20715066e-08
3.37539211e-08
3.54412404e-08
3.71199767e-08
3.87785797e-08
4.04080863e-08
4.20023604e-08
4.35582773e-08
4.50758403e-08
4.65579143e-08
4.80100883e-08
4.94402063e-08
5.08579512e-08
5.22742967e-08
5.37012309e-08
5.51510096e-08
5.66360338e-08
5.81684412e-08
5.97601066e-08
6.14225497e-08
6.31670419e-08
6.50049067e-08
6.69475889e-08
6.90070022e-08
7.11955178e-08
