# Generated by CAESAR Pro Ultimate
# Gas: NO2
# Math: Dynamic-ILS-Applied
6.53179735e-19
6.53549356e-19
6.53481576e-19
6.53039553e-19
6.52287323e-19
6.51286195e-19
6.50091674e-19
6.48750937e-19
6.47301247e-19
6.45769062e-19
6.44170253e-19
6.42511156e-19
6.40790288e-19
6.39000818e-19
6.37133188e-19
6.35177540e-19
6.33125730e-19
6.30972912e-19
6.28717787e-19
6.26362268e-19
6.23910492e-19
6.21367310e-19
6.18736513e-19
6.16019561e-19
6.13214691e-19
6.10316507e-19
6.07316643e-19
6.04204925e-19
6.00970875e-19
5.97605498e-19
5.94103594e-19
5.90464578e-19
5.86694375e-19
5.82805423e-19
5.78817071e-19
5.74754787e-19
5.70649536e-19
5.66536670e-19
5.62454446e-19
5.58443089e-19
5.54543228e-19
5.50794953e-19
5.47236643e-19
5.43903633e-19
5.40827436e-19
5.38034516e-19
5.35545727e-19
5.33375843e-19
5.31533395e-19
5.30021294e-19
5.28837793e-19
5.27977857e-19
5.27435030e-19
5.27203233e-19
5.27278556e-19
5.27660612e-19
5.28353253e-19
5.29364659e-19
5.30706304e-19
5.32391278e-19
5.34431756e-19
5.36835525e-19
5.39602565e-19
5.42721410e-19
5.46165777e-19
5.49892130e-19
5.53838804e-19
5.57926382e-19
5.62060180e-19
5.66134889e-19
5.70040881e-19
5.73671276e-19
5.76930658e-19
5.79743106e-19
5.82058919e-19
5.83860572e-19
5.85165131e-19
5.86024742e-19
5.86523759e-19
5.86773151e-19
5.86902727e-19
5.87051561e-19
5.87357586e-19
5.87947137e-19
5.88925346e-19
5.90368015e-19
5.92315569e-19
5.94769556e-19
5.97691823e-19
6.01005782e-19
6.04600652e-19
6.08337470e-19
6.12056092e-19
6.15584730e-19
6.18748623e-19
6.21380433e-19
6.23329619e-19
6.24471719e-19
6.24716101e-19
6.24012169e-19
6.22353092e-19
6.19776852e-19
6.16363945e-19
6.12232194e-19
6.07528679e-19
6.02419037e-19
5.97076025e-19
5.91666921e-19
5.86342346e-19
5.81226462e-19
5.76409390e-19
5.71943439e-19
5.67841918e-19
5.64081945e-19
5.60609929e-19
5.57349287e-19
5.54210200e-19
5.51099844e-19
5.47932237e-19
5.44636951e-19
5.41166288e-19
5.37499130e-19
5.33642361e-19
5.29629583e-19
5.25517167e-19
5.21378627e-19
5.17297738e-19
5.13361696e-19
5.09655168e-19
5.06255441e-19
5.03229491e-19
5.00632725e-19
4.98509554e-19
4.96895524e-19
4.95819566e-19
4.95306771e-19
4.95380656e-19
4.96064459e-19
4.97381450e-19
4.99354103e-19
5.02002292e-19
5.05341104e-19
5.09378079e-19
5.14111114e-19
5.19526415e-19
5.25597317e-19
5.32284348e-19
5.39535171e-19
5.47286068e-19
5.55462698e-19
5.63981136e-19
5.72749611e-19
5.81667913e-19
5.90627670e-19
5.99512871e-19
6.08199371e-19
6.16556541e-19
6.24448790e-19
6.31739107e-19
6.38294508e-19
6.43991753e-19
6.48724980e-19
6.52412519e-19
6.55003474e-19
6.56482815e-19
6.56873870e-19
6.56238483e-19
6.54674237e-19
6.52309308e-19
6.49295042e-19
6.45797388e-19
6.41987648e-19
6.38033012e-19
6.34088334e-19
6.30288504e-19
6.26742965e-19
6.23531805e-19
6.20703716e-19
6.18276546e-19
6.16239571e-19
6.14558256e-19
6.13180710e-19
6.12045566e-19
6.11090897e-19
6.10262966e-19
6.09524224e-19
6.08859383e-19
6.08278753e-19
6.07818392e-19
6.07536665e-19
6.07507495e-19
6.07810960e-19
6.08522225e-19
6.09700085e-19
6.11376470e-19
6.13548387e-19
6.16172973e-19
6.19166851e-19
6.22409302e-19
6.25749356e-19
6.29016090e-19
6.32030372e-19
6.34617325e-19
6.36618124e-19
6.37899665e-19
6.38361330e-19
6.37939006e-19
6.36605573e-19
6.34368791e-19
6.31267114e-19
6.27364307e-19
6.22743397e-19
6.17500919e-19
6.11742162e-19
6.05577123e-19
5.99117633e-19
5.92474899e-19
5.85757669e-19
5.79071591e-19
5.72516908e-19
5.66186908e-19
5.60166275e-19
5.54529012e-19
5.49336090e-19
5.44634140e-19
5.40454351e-19
5.36812011e-19
5.33707727e-19
5.31129131e-19
5.29054171e-19
5.27454999e-19
5.26302313e-19
5.25570005e-19
5.25239146e-19
5.25301224e-19
5.25759963e-19
5.26631668e-19
5.27943925e-19
5.29732833e-19
5.32039273e-19
5.34904341e-19
5.38365059e-19
5.42450160e-19
5.47177412e-19
5.52550995e-19
5.58561898e-19
5.65187108e-19
5.72391421e-19
5.80128901e-19
5.88343151e-19
5.96968917e-19
6.05932038e-19
6.15148444e-19
6.24522954e-19
6.33948447e-19
6.43303883e-19
6.52454593e-19
6.61251113e-19
6.69532780e-19
6.77128815e-19
6.83864151e-19
6.89565190e-19
6.94066772e-19
6.97220485e-19
6.98903211e-19
6.99025673e-19
6.97539842e-19
6.94445291e-19
6.89792809e-19
6.83686400e-19
6.76281095e-19
6.67778748e-19
6.58419719e-19
6.48473195e-19
6.38223890e-19
6.27960150e-19
6.17957912e-19
6.08469931e-19
5.99712911e-19
5.91858789e-19
5.85029109e-19
5.79292097e-19
5.74663332e-19
5.71109124e-19
5.68552707e-19
5.66882474e-19
5.65960474e-19
5.65631643e-19
5.65732342e-19
5.66097748e-19
5.66567939e-19
5.66992524e-19
5.67234034e-19
5.67170428e-19
5.66697038e-19
5.65728338e-19
5.64199773e-19
5.62069714e-19
5.59321163e-19
5.55963344e-19
5.52032090e-19
5.47589386e-19
5.42721260e-19
5.37533639e-19
5.32147305e-19
5.26690795e-19
5.21293311e-19
5.16077142e-19
5.11151021e-19
5.06603857e-19
5.02501947e-19
4.98886448e-19
4.95774146e-19
4.93159375e-19
4.91017930e-19
4.89311695e-19
4.87993625e-19
4.87012884e-19
4.86319193e-19
4.85866644e-19
4.85616289e-19
4.85538047e-19
4.85611604e-19
4.85826610e-19
4.86182275e-19
4.86686410e-19
4.87354027e-19
4.88205427e-19
4.89263810e-19
4.90552527e-19
4.92091840e-19
4.93895698e-19
4.95968455e-19
4.98302120e-19
5.00874648e-19
5.03649176e-19
5.06575165e-19
5.09590822e-19
5.12627173e-19
5.15613499e-19
5.18482995e-19
5.21178524e-19
5.23657655e-19
5.25896119e-19
5.27889037e-19
5.29650618e-19
5.31211504e-19
5.32614546e-19
5.33909751e-19
5.35148899e-19
5.36380666e-19
5.37646666e-19
5.38978534e-19
5.40396775e-19
5.41910162e-19
5.43516459e-19
5.45203223e-19
5.46949013e-19
5.48724274e-19
5.50492458e-19
5.52210733e-19
5.53831686e-19
5.55304844e-19
5.56579647e-19
5.57609020e-19
5.58353704e-19
5.58787107e-19
5.58899978e-19
5.58704293e-19
5.58235581e-19
5.57553268e-19
5.56738401e-19
5.55889107e-19
5.55113624e-19
5.54521957e-19
5.54216729e-19
5.54284500e-19
5.54788370e-19
5.55762699e-19
5.57210720e-19
5.59104690e-19
5.61389065e-19
5.63985814e-19
5.66800797e-19
5.69731835e-19
5.72675567e-19
5.75534683e-19
5.78223654e-19
5.80672735e-19
5.82831152e-19
5.84668322e-19
5.86173627e-19
5.87354996e-19
5.88236397e-19
5.88854285e-19
5.89253586e-19
5.89483478e-19
5.89593289e-19
5.89629038e-19
5.89630823e-19
5.89631272e-19
5.89655023e-19
5.89719060e-19
5.89833549e-19
5.90002779e-19
5.90225829e-19
5.90496738e-19
5.90804087e-19
5.91130197e-19
5.91450322e-19
5.91732269e-19
5.91936893e-19
5.92019919e-19
5.91935097e-19
5.91638606e-19
5.91094312e-19
5.90279266e-19
5.89188655e-19
5.87839522e-19
5.86272730e-19
5.84552637e-19
5.82764458e-19
5.81009275e-19
5.79397236e-19
5.78039712e-19
5.77040455e-19
5.76487225e-19
5.76444333e-19
5.76946703e-19
5.77996165e-19
5.79560259e-19
5.81573693e-19
5.83942595e-19
5.86550779e-19
5.89268108e-19
5.91959502e-19
5.94494233e-19
5.96754659e-19
5.98643055e-19
6.00086732e-19
6.01040401e-19
6.01486281e-19
6.01432045e-19
6.00907032e-19
5.99957611e-19
5.98642137e-19
5.97026400e-19
5.95179655e-19
5.93171878e-19
5.91071982e-19
5.88946750e-19
5.86860633e-19
5.84875431e-19
5.83050163e-19
5.81440441e-19
5.80097272e-19
5.79065619e-19
5.78382390e-19
5.78074532e-19
5.78157202e-19
5.78632493e-19
5.79488951e-19
5.80701973e-19
5.82235301e-19
5.84043252e-19
5.86073831e-19
5.88271999e-19
5.90583026e-19
5.92955676e-19
5.95344475e-19
5.97711559e-19
6.00027378e-19
6.02270746e-19
6.04428381e-19
6.06493594e-19
6.08464967e-19
6.10344426e-19
6.12135225e-19
6.13839805e-19
6.15457249e-19
6.16980757e-19
6.18395277e-19
6.19675247e-19
6.20783241e-19
6.21669439e-19
6.22272520e-19
6.22522093e-19
6.22342525e-19
6.21658114e-19
6.20399066e-19
6.18507791e-19
6.15944613e-19
6.12692556e-19
6.08760455e-19
6.04183783e-19
5.99023178e-19
5.93361591e-19
5.87298331e-19
5.80942338e-19
5.74404918e-19
5.67792076e-19
5.61197798e-19
5.54698276e-19
5.48348302e-19
5.42180135e-19
5.36204243e-19
5.30412436e-19
5.24782353e-19
5.19283240e-19
5.13882917e-19
5.08553085e-19
5.03274476e-19
4.98040620e-19
4.92859626e-19
4.87753821e-19
4.82758393e-19
4.77918419e-19
4.73284850e-19
4.68910981e-19
4.64848486e-19
4.61144920e-19
4.57841998e-19
4.54974944e-19
4.52573506e-19
4.50663404e-19
4.49268749e-19
4.48414304e-19
4.48127289e-19
4.48438397e-19
4.49381389e-19
4.50991341e-19
4.53301362e-19
4.56338412e-19
4.60118163e-19
4.64640409e-19
4.69884120e-19
4.75805541e-19
4.82335908e-19
4.89383098e-19
4.96834737e-19
5.04562116e-19
5.12427315e-19
5.20290135e-19
5.28014976e-19
5.35477552e-19
5.42570983e-19
5.49209399e-19
5.55330212e-19
5.60894647e-19
5.65886110e-19
5.70306223e-19
5.74170858e-19
5.77504565e-19
5.80334856e-19
5.82687167e-19
5.84580672e-19
5.86025600e-19
5.87022058e-19
5.87560401e-19
5.87623378e-19
5.87189191e-19
5.86235312e-19
5.84742573e-19
5.82698826e-19
5.80102063e-19
5.76962527e-19
5.73303467e-19
5.69160624e-19
5.64581181e-19
5.59620768e-19
5.54340109e-19
5.48802144e-19
5.43067212e-19
5.37191068e-19
5.31221555e-19
5.25197852e-19
5.19149903e-19
5.13100064e-19
5.07064863e-19
5.01058414e-19
4.95095813e-19
4.89196112e-19
4.83385519e-19
4.77699415e-19
4.72183034e-19
4.66891942e-19
4.61890683e-19
4.57251508e-19
4.53052244e-19
4.49373678e-19
4.46297441e-19
4.43903239e-19
4.42266606e-19
4.41456315e-19
4.41531710e-19
4.42540070e-19
4.44513890e-19
4.47467896e-19
4.51397049e-19
4.56273927e-19
4.62047877e-19
4.68644774e-19
4.75967665e-19
4.83898818e-19
4.92303557e-19
5.01034213e-19
5.09935286e-19
5.18849635e-19
5.27623597e-19
5.36112258e-19
5.44184333e-19
5.51725748e-19
5.58640857e-19
5.64855188e-19
5.70313885e-19
5.74981933e-19
5.78842103e-19
5.81893481e-19
5.84149162e-19
5.85634216e-19
5.86383620e-19
5.86439883e-19
5.85850741e-19
5.84666617e-19
5.82938122e-19
5.80713468e-19
5.78036409e-19
5.74944385e-19
5.71467742e-19
5.67629731e-19
5.63447162e-19
5.58932343e-19
5.54095473e-19
5.48947063e-19
5.43501070e-19
5.37776959e-19
5.31802103e-19
5.25612458e-19
5.19254083e-19
5.12781530e-19
5.06258409e-19
4.99755134e-19
4.93347244e-19
4.87114353e-19
4.81137459e-19
4.75497264e-19
4.70272679e-19
4.65539131e-19
4.61366683e-19
4.57818786e-19
4.54950663e-19
4.52807591e-19
4.51423448e-19
4.50819519e-19
4.51003135e-19
4.51967125e-19
4.53689491e-19
4.56134115e-19
4.59251513e-19
4.62980796e-19
4.67252006e-19
4.71988121e-19
4.77108139e-19
4.82529543e-19
4.88170242e-19
4.93950225e-19
4.99793042e-19
5.05626015e-19
5.11380306e-19
5.16990987e-19
5.22396104e-19
5.27536714e-19
5.32356351e-19
5.36801343e-19
5.40821984e-19
5.44373815e-19
5.47420339e-19
5.49935867e-19
5.51909167e-19
5.53347401e-19
5.54279590e-19
5.54759723e-19
5.54868536e-19
5.54713842e-19
5.54428846e-19
5.54168319e-19
5.54102554e-19
5.54409272e-19
5.55263856e-19
5.56828521e-19
5.59241040e-19
5.62603838e-19
5.66974656e-19
5.72358866e-19
5.78705302e-19
5.85904865e-19
5.93793100e-19
6.02157142e-19
6.10745270e-19
6.19279847e-19
6.27472937e-19
6.35041748e-19
6.41725262e-19
6.47298262e-19
6.51584128e-19
6.54462907e-19
6.55877089e-19
6.55831526e-19
6.54390334e-19
6.51669327e-19
6.47826130e-19
6.43047136e-19
6.37534968e-19
6.31494580e-19
6.25121759e-19
6.18592666e-19
6.12057032e-19
6.05633244e-19
5.99407269e-19
5.93433738e-19
5.87738712e-19
5.82324799e-19
5.77176243e-19
5.72262776e-19
5.67546608e-19
5.62985425e-19
5.58535786e-19
5.54155213e-19
5.49803154e-19
5.45441789e-19
5.41036084e-19
5.36553454e-19
5.31963505e-19
5.27238644e-19
5.22353925e-19
5.17287952e-19
5.12024314e-19
5.06553156e-19
5.00872524e-19
4.94990267e-19
4.88925240e-19
4.82707492e-19
4.76378474e-19
4.69989320e-19
4.63599104e-19
4.57271965e-19
4.51073326e-19
4.45066878e-19
4.39310626e-19
4.33855098e-19
4.28740161e-19
4.23995520e-19
4.19639778e-19
4.15682944e-19
4.12128098e-19
4.08975014e-19
4.06223563e-19
4.03877820e-19
4.01949767e-19
4.00462442e-19
3.99452559e-19
3.98971771e-19
3.99086805e-19
3.99877954e-19
4.01436097e-19
4.03858141e-19
4.07241033e-19
4.11674918e-19
4.17235836e-19
4.23977500e-19
4.31924882e-19
4.41068504e-19
4.51360172e-19
4.62711197e-19
4.74993978e-19
4.88044855e-19
5.01669929e-19
5.15653760e-19
5.29767724e-19
5.43779692e-19
5.57464054e-19
5.70610066e-19
5.83027991e-19
5.94554049e-19
6.05052704e-19
6.14417765e-19
6.22570318e-19
6.29457146e-19
6.35047322e-19
6.39329535e-19
6.42309999e-19
6.44010688e-19
6.44468075e-19
6.43732802e-19
6.41868701e-19
6.38951827e-19
6.35067861e-19
6.30309554e-19
6.24772109e-19
6.18549005e-19
6.11727041e-19
6.04383137e-19
5.96581587e-19
5.88374270e-19
5.79802457e-19
5.70901083e-19
5.61702749e-19
5.52245403e-19
5.42576281e-19
5.32756929e-19
5.22864358e-19
5.12991048e-19
5.03241765e-19
4.93727507e-19
4.84559094e-19
4.75839384e-19
4.67655372e-19
4.60071679e-19
4.53127037e-19
4.46830264e-19
4.41161950e-19
4.36075758e-19
4.31503450e-19
4.27360368e-19
4.23552581e-19
4.19983991e-19
4.16562998e-19
4.13208904e-19
4.09856552e-19
4.06459994e-19
4.02994347e-19
3.99455819e-19
3.95860751e-19
3.92242829e-19
3.88649869e-19
3.85139796e-19
3.81776149e-19
3.78624093e-19
3.75746484e-19
3.73200219e-19
3.71033575e-19
3.69283722e-19
3.67975261e-19
3.67119264e-19
3.66713045e-19
3.66740847e-19
3.67175219e-19
3.67979188e-19
3.69108987e-19
3.70517283e-19
3.72156341e-19
3.73981137e-19
3.75951691e-19
3.78034636e-19
3.80203947e-19
3.82440447e-19
3.84730610e-19
3.87064991e-19
3.89436142e-19
3.91837088e-19
3.94259934e-19
3.96695266e-19
3.99132389e-19
4.01559780e-19
4.03966317e-19
4.06342236e-19
4.08680069e-19
4.10975353e-19
4.13226527e-19
4.15434835e-19
4.17603344e-19
4.19736788e-19
4.21840638e-19
4.23921426e-19
4.25987283e-19
4.28049035e-19
4.30121822e-19
4.32227037e-19
4.34393866e-19
4.36660415e-19
4.39074167e-19
4.41691056e-19
4.44573893e-19
4.47789054e-19
4.51403449e-19
4.55480045e-19
4.60073843e-19
4.65227914e-19
4.70970388e-19
4.77311404e-19
4.84241666e-19
4.91730636e-19
4.99726516e-19
5.08154624e-19
5.16919261e-19
5.25902346e-19
5.34965806e-19
5.43953703e-19
5.52694267e-19
5.61006676e-19
5.68705349e-19
5.75609001e-19
5.81548423e-19
5.86375982e-19
5.89973614e-19
5.92260384e-19
5.93197285e-19
5.92789748e-19
5.91087111e-19
5.88178736e-19
5.84188047e-19
5.79263830e-19
5.73570985e-19
5.67280216e-19
5.60558970e-19
5.53563392e-19
5.46431576e-19
5.39279754e-19
5.32200143e-19
5.25260395e-19
5.18504768e-19
5.11957421e-19
5.05624724e-19
4.99498965e-19
4.93562245e-19
4.87790025e-19
4.82154196e-19
4.76626702e-19
4.71182620e-19
4.65802706e-19
4.60476456e-19
4.55203857e-19
4.49997339e-19
4.44882640e-19
4.39898462e-19
4.35095920e-19
4.30536159e-19
4.26288459e-19
4.22426069e-19
4.19023889e-19
4.16154338e-19
4.13885433e-19
4.12278295e-19
4.11386311e-19
4.11254812e-19
4.11921757e-19
4.13418810e-19
4.15772838e-19
4.19007135e-19
4.23142543e-19
4.28197545e-19
4.34187536e-19
4.41123593e-19
4.49009648e-19
4.57839144e-19
4.67591624e-19
4.78229163e-19
4.89691362e-19
5.01893440e-19
5.14723846e-19
5.28042610e-19
5.41681488e-19
5.55446472e-19
5.69120141e-19
5.82466358e-19
5.95237245e-19
6.07179512e-19
6.18043974e-19
6.27593973e-19
6.35615050e-19
6.41924872e-19
6.46381336e-19
6.48890155e-19
6.49410551e-19
6.47958147e-19
6.44605297e-19
6.39478434e-19
6.32751828e-19
6.24639976e-19
6.15385118e-19
6.05246574e-19
5.94486533e-19
5.83357479e-19
5.72091366e-19
5.60890317e-19
5.49920517e-19
5.39308495e-19
5.29140750e-19
5.19467556e-19
5.10306354e-19
5.01648222e-19
4.93465218e-19
4.85717420e-19
4.78359098e-19
4.71345104e-19
4.64635699e-19
4.58199926e-19
4.52018867e-19
4.46086784e-19
4.40412192e-19
4.35017577e-19
4.29937890e-19
4.25218920e-19
4.20913977e-19
4.17080553e-19
4.13776044e-19
4.11052954e-19
4.08954504e-19
4.07510242e-19
4.06732283e-19
4.06612766e-19
4.07122400e-19
4.08210527e-19
4.09806720e-19
4.11823468e-19
4.14160614e-19
4.16709807e-19
4.19360154e-19
4.22003271e-19
4.24538382e-19
4.26876257e-19
4.28942571e-19
4.30679799e-19
4.32048154e-19
4.33025540e-19
4.33606410e-19
4.33800100e-19
4.33628690e-19
4.33124617e-19
4.32328403e-19
4.31286520e-19
4.30049553e-19
4.28670995e-19
4.27205954e-19
4.25710731e-19
4.24242044e-19
4.22856413e-19
4.21609515e-19
4.20554796e-19
4.19741870e-19
4.19214479e-19
4.19008075e-19
4.19147332e-19
4.19643950e-19
4.20494967e-19
4.21682041e-19
4.23171906e-19
4.24917814e-19
4.26862464e-19
4.28941737e-19
4.31088595e-19
4.33237804e-19
4.35329232e-19
4.37311065e-19
4.39141491e-19
4.40788881e-19
4.42231255e-19
4.43454525e-19
4.44450280e-19
4.45213658e-19
4.45741723e-19
4.46032547e-19
4.46085337e-19
4.45901460e-19
4.45486084e-19
4.44850016e-19
4.44011265e-19
4.42995800e-19
4.41837033e-19
4.40574085e-19
4.39248539e-19
4.37900352e-19
4.36563195e-19
4.35259836e-19
4.33998540e-19
4.32770679e-19
4.31550386e-19
4.30296156e-19
4.28954509e-19
4.27465055e-19
4.25767113e-19
4.23806235e-19
4.21540836e-19
4.18947509e-19
4.16025152e-19
4.12797170e-19
4.09311502e-19
4.05639240e-19
4.01871002e-19
3.98113015e-19
3.94480949e-19
3.91094630e-19
3.88071947e-19
3.85523140e-19
3.83545291e-19
3.82217746e-19
3.81597884e-19
3.81717984e-19
3.82582889e-19
3.84168915e-19
3.86423946e-19
3.89269148e-19
3.92601919e-19
3.96300321e-19
4.00229029e-19
4.04245658e-19
4.08208165e-19
4.11981623e-19
4.15444653e-19
4.18495002e-19
4.21053214e-19
4.23064962e-19
4.24501778e-19
4.25360117e-19
4.25659100e-19
4.25437634e-19
4.24750710e-19
4.23665558e-19
4.22257768e-19
4.20607565e-19
4.18796142e-19
4.16902190e-19
4.14998934e-19
4.13150624e-19
4.11410119e-19
4.09816041e-19
4.08390923e-19
4.07139711e-19
4.06049404e-19
4.05089489e-19
4.04213806e-19
4.03363151e-19
4.02469343e-19
4.01459747e-19
4.00262460e-19
3.98811666e-19
3.97052711e-19
3.94946684e-19
3.92473985e-19
3.89636769e-19
3.86460662e-19
3.82994104e-19
3.79307807e-19
3.75491815e-19
3.71652479e-19
3.67907968e-19
3.64383844e-19
3.61207640e-19
3.58504265e-19
3.56390330e-19
3.54970161e-19
3.54331322e-19
3.54541382e-19
3.55645285e-19
3.57663718e-19
3.60592064e-19
3.64400621e-19
3.69035734e-19
3.74421028e-19
3.80460494e-19
3.87041781e-19
3.94039811e-19
4.01321024e-19
4.08748355e-19
4.16185305e-19
4.23500207e-19
4.30570499e-19
4.37285291e-19
4.43548357e-19
4.49279302e-19
4.54414467e-19
4.58907426e-19
4.62728186e-19
4.65862731e-19
4.68311571e-19
4.70088317e-19
4.71217983e-19
4.71734699e-19
4.71679328e-19
4.71096684e-19
4.70032609e-19
4.68531246e-19
4.66632489e-19
4.64370147e-19
4.61771195e-19
4.58856136e-19
4.55640384e-19
4.52137111e-19
4.48360781e-19
4.44330820e-19
4.40075590e-19
4.35635458e-19
4.31064470e-19
4.26430514e-19
4.21814558e-19
4.17306471e-19
4.13001541e-19
4.08994254e-19
4.05372918e-19
4.02213810e-19
3.99576796e-19
3.97502067e-19
3.96008531e-19
3.95094367e-19
3.94739045e-19
3.94906999e-19
3.95552150e-19
3.96622928e-19
3.98067051e-19
3.99835749e-19
4.01886706e-19
4.04185674e-19
4.06706794e-19
4.09431267e-19
4.12345002e-19
4.15435674e-19
4.18688993e-19
4.22085531e-19
4.25597503e-19
4.29186977e-19
4.32804225e-19
4.36388690e-19
4.39869583e-19
4.43169061e-19
4.46205434e-19
4.48897705e-19
4.51169915e-19
4.52955886e-19
4.54203106e-19
4.54875948e-19
4.54957730e-19
4.54451274e-19
4.53378162e-19
4.51776514e-19
4.49697777e-19
4.47202492e-19
4.44355965e-19
4.41223546e-19
4.37867152e-19
4.34341385e-19
4.30692216e-19
4.26955540e-19
4.23157866e-19
4.19317375e-19
4.15446412e-19
4.11553842e-19
4.07648109e-19
4.03739898e-19
3.99844084e-19
3.95981534e-19
3.92179903e-19
3.88473459e-19
3.84902799e-19
3.81513458e-19
3.78354776e-19
3.75478459e-19
3.72937107e-19
3.70783463e-19
3.69069579e-19
3.67846699e-19
3.67165201e-19
3.67074622e-19
3.67623642e-19
3.68859654e-19
3.70827524e-19
3.73568056e-19
3.77114877e-19
3.81491249e-19
3.86706096e-19
3.92749595e-19
3.99589127e-19
4.07166511e-19
4.15395710e-19
4.24162569e-19
4.33327141e-19
4.42726784e-19
4.52182804e-19
4.61506044e-19
4.70506907e-19
4.79002223e-19
4.86823393e-19
4.93822886e-19
4.99879705e-19
5.04901975e-19
5.08828719e-19
5.11629065e-19
5.13300584e-19
5.13866690e-19
5.13373279e-19
5.11885401e-19
5.09483958e-19
5.06262732e-19
5.02325313e-19
4.97782615e-19
4.92749820e-19
4.87343802e-19
4.81680215e-19
4.75870074e-19
4.70017151e-19
4.64214450e-19
4.58542580e-19
4.53066345e-19
4.47834610e-19
4.42878787e-19
4.38213080e-19
4.33835572e-19
4.29729673e-19
4.25866343e-19
4.22206488e-19
4.18703802e-19
4.15307812e-19
4.11966578e-19
4.08629298e-19
4.05248237e-19
4.01780673e-19
3.98189759e-19
3.94445478e-19
3.90524578e-19
3.86410722e-19
3.82094164e-19
3.77571651e-19
3.72845535e-19
3.67924651e-19
3.62823653e-19
3.57563764e-19
3.52172567e-19
3.46685166e-19
3.41143188e-19
3.35595409e-19
3.30097011e-19
3.24708779e-19
3.19495455e-19
3.14524575e-19
3.09864208e-19
3.05581468e-19
3.01740288e-19
2.98400052e-19
2.95614104e-19
2.93428724e-19
2.91882261e-19
2.91004744e-19
2.90817721e-19
2.91334117e-19
2.92558172e-19
2.94485428e-19
2.97102711e-19
3.00387877e-19
3.04309595e-19
3.08826974e-19
3.13889594e-19
3.19436985e-19
3.25399088e-19
3.31696103e-19
3.38239794e-19
3.44933532e-19
3.51675402e-19
3.58358823e-19
3.64876198e-19
3.71122021e-19
3.76995468e-19
3.82405506e-19
3.87273214e-19
3.91536143e-19
3.95150654e-19
3.98094312e-19
4.00366587e-19
4.01988877e-19
4.03002819e-19
4.03467573e-19
4.03455951e-19
4.03049573e-19
4.02333561e-19
4.01390981e-19
4.00297602e-19
3.99117174e-19
3.97897807e-19
3.96669573e-19
3.95443467e-19
3.94212073e-19
3.92951524e-19
3.91624952e-19
3.90186933e-19
3.88588529e-19
3.86782748e-19
3.84729740e-19
3.82401166e-19
3.79783793e-19
3.76881318e-19
3.73715044e-19
3.70322415e-19
3.66754965e-19
3.63073747e-19
3.59345577e-19
3.55637622e-19
3.52012675e-19
3.48525541e-19
3.45219006e-19
3.42122578e-19
3.39251099e-19
3.36605440e-19
3.34173677e-19
3.31933542e-19
3.29854995e-19
3.27903439e-19
3.26042759e-19
3.24238300e-19
3.22459407e-19
3.20681626e-19
3.18888483e-19
3.17072670e-19
3.15236524e-19
3.13392400e-19
3.11561780e-19
3.09774478e-19
3.08066942e-19
3.06480184e-19
3.05057199e-19
3.03840188e-19
3.02867840e-19
3.02172387e-19
3.01777179e-19
3.01694733e-19
3.01925361e-19
3.02456576e-19
3.03263285e-19
3.04308690e-19
3.05545957e-19
3.06920263e-19
3.08371399e-19
3.09836420e-19
3.11252413e-19
3.12559308e-19
3.13702310e-19
3.14634165e-19
3.15317118e-19
3.15724305e-19
3.15840787e-19
3.15663960e-19
3.15203430e-19
3.14480321e-19
3.13526056e-19
3.12380713e-19
3.11090976e-19
3.09707934e-19
3.08284913e-19
3.06875347e-19
3.05530910e-19
3.04299868e-19
3.03225790e-19
3.02346730e-19
3.01694251e-19
3.01293075e-19
3.01160481e-19
3.01305943e-19
3.01730750e-19
3.02427691e-19
3.03380831e-19
3.04565553e-19
3.05948919e-19
3.07490200e-19
3.09142172e-19
3.10852762e-19
3.12566847e-19
3.14229050e-19
3.15785975e-19
3.17189165e-19
3.18397467e-19
3.19379341e-19
3.20114447e-19
3.20594769e-19
3.20824879e-19
3.20821546e-19
3.20612619e-19
3.20235305e-19
3.19734034e-19
3.19158008e-19
3.18558772e-19
3.17987852e-19
3.17494808e-19
3.17125741e-19
3.16922354e-19
3.16921697e-19
3.17156462e-19
3.17655748e-19
3.18446234e-19
3.19553402e-19
3.21002714e-19
3.22820438e-19
3.25034144e-19
3.27672315e-19
3.30763608e-19
3.34335096e-19
3.38409991e-19
3.43005183e-19
3.48127923e-19
3.53773186e-19
3.59920595e-19
3.66532095e-19
3.73550863e-19
3.80900283e-19
3.88485254e-19
3.96193787e-19
4.03900371e-19
4.11471103e-19
4.18768873e-19
4.25659786e-19
4.32020179e-19
4.37743182e-19
4.42743763e-19
4.46964089e-19
4.50376303e-19
4.52983008e-19
4.54816924e-19
4.55937100e-19
4.56424359e-19
4.56374801e-19
4.55892582e-19
4.55082455e-19
4.54042596e-19
4.52858473e-19
4.51598129e-19
4.50309118e-19
4.49017502e-19
4.47728625e-19
4.46429455e-19
4.45092209e-19
4.43678967e-19
4.42146257e-19
4.40449615e-19
4.38547849e-19
4.36405824e-19
4.33997104e-19
4.31304918e-19
4.28322474e-19
4.25053019e-19
4.21508705e-19
4.17709572e-19
4.13682547e-19
4.09460326e-19
4.05079997e-19
4.00582200e-19
3.96010013e-19
3.91407441e-19
3.86818457e-19
3.82285162e-19
3.77846565e-19
3.73537125e-19
3.69385182e-19
3.65412352e-19
3.61632627e-19
3.58052576e-19
3.54671771e-19
3.51483479e-19
3.48476213e-19
3.45634955e-19
3.42942914e-19
3.40382939e-19
3.37938891e-19
3.35596262e-19
3.33343327e-19
3.31171046e-19
3.29073317e-19
3.27046581e-19
3.25089607e-19
3.23203074e-19
3.21389055e-19
3.19650822e-19
3.17992422e-19
3.16418580e-19
3.14934516e-19
3.13545679e-19
3.12257639e-19
3.11075806e-19
3.10005007e-19
3.09049169e-19
3.08210766e-19
3.07490420e-19
3.06886463e-19
3.06394572e-19
3.06007571e-19
3.05715443e-19
3.05505410e-19
3.05362279e-19
3.05268950e-19
3.05207036e-19
3.05157635e-19
3.05102174e-19
3.05023297e-19
3.04905766e-19
3.04737330e-19
3.04509507e-19
3.04218288e-19
3.03864601e-19
3.03454669e-19
3.03000034e-19
3.02517333e-19
3.02027818e-19
3.01556569e-19
3.01131495e-19
3.00782130e-19
3.00538391e-19
3.00429362e-19
3.00482200e-19
3.00721275e-19
3.01167625e-19
3.01838730e-19
3.02748658e-19
3.03908388e-19
3.05326419e-19
3.07009284e-19
3.08962014e-19
3.11188236e-19
3.13690350e-19
3.16468481e-19
3.19519886e-19
3.22837329e-19
3.26407860e-19
3.30210607e-19
3.34216078e-19
3.38384527e-19
3.42665552e-19
3.46998150e-19
3.51311915e-19
3.55528408e-19
3.59564000e-19
3.63332632e-19
3.66749726e-19
3.69735745e-19
3.72220101e-19
3.74144686e-19
3.75467056e-19
3.76162719e-19
3.76226530e-19
3.75673149e-19
3.74536408e-19
3.72867528e-19
3.70732305e-19
3.68207937e-19
3.65378512e-19
3.62331360e-19
3.59152546e-19
3.55923554e-19
3.52718121e-19
3.49600521e-19
3.46624211e-19
3.43832263e-19
3.41257385e-19
3.38923821e-19
3.36848442e-19
3.35042253e-19
3.33511816e-19
3.32259504e-19
3.31283951e-19
3.30579317e-19
3.30134492e-19
3.29931880e-19
3.29946333e-19
3.30144333e-19
3.30483747e-19
3.30914286e-19
3.31378797e-19
3.31815277e-19
3.32159540e-19
3.32348316e-19
3.32322443e-19
3.32029935e-19
3.31428593e-19
3.30488009e-19
3.29190684e-19
3.27532434e-19
3.25521783e-19
3.23178851e-19
3.20533632e-19
3.17623716e-19
3.14492142e-19
3.11185121e-19
3.07749632e-19
3.04231724e-19
3.00674503e-19
2.97117002e-19
2.93592671e-19
2.90129139e-19
2.86746868e-19
2.83459741e-19
2.80274664e-19
2.77192042e-19
2.74206970e-19
2.71309947e-19
2.68488348e-19
2.65728116e-19
2.63015409e-19
2.60338022e-19
2.57687026e-19
2.55057569e-19
2.52449995e-19
2.49869431e-19
2.47326113e-19
2.44834290e-19
2.42411240e-19
2.40076130e-19
2.37848661e-19
2.35747905e-19
2.33791210e-19
2.31993519e-19
2.30367089e-19
2.28921398e-19
2.27663381e-19
2.26597735e-19
2.25727472e-19
2.25054251e-19
2.24578750e-19
2.24300756e-19
2.24219170e-19
2.24331799e-19
2.24635055e-19
2.25123628e-19
2.25790201e-19
2.26625210e-19
2.27616771e-19
2.28750726e-19
2.30010912e-19
2.31379532e-19
2.32837552e-19
2.34365231e-19
2.35942606e-19
2.37550081e-19
2.39168734e-19
2.40780816e-19
2.42369895e-19
2.43921216e-19
2.45421547e-19
2.46859574e-19
2.48225522e-19
2.49511310e-19
2.50710419e-19
2.51817740e-19
2.52829538e-19
2.53743409e-19
2.54558360e-19
2.55274920e-19
2.55895209e-19
2.56423237e-19
2.56865074e-19
2.57228973e-19
2.57525422e-19
2.57767052e-19
2.57968308e-19
2.58144932e-19
2.58313231e-19
2.58489133e-19
2.58687135e-19
2.58919159e-19
2.59193456e-19
2.59513633e-19
2.59877883e-19
2.60278554e-19
2.60702057e-19
2.61129193e-19
2.61535961e-19
2.61894699e-19
2.62175668e-19
2.62348818e-19
2.62385827e-19
2.62262049e-19
2.61958410e-19
2.61462947e-19
2.60771947e-19
2.59890527e-19
2.58832513e-19
2.57619766e-19
2.56280879e-19
2.54849294e-19
2.53361266e-19
2.51853653e-19
2.50361760e-19
2.48917549e-19
2.47548596e-19
2.46277114e-19
2.45120271e-19
2.44090549e-19
2.43196925e-19
2.42446137e-19
2.41844197e-19
2.41397714e-19
2.41114940e-19
2.41006480e-19
2.41085501e-19
2.41367545e-19
2.41869938e-19
2.42611003e-19
2.43609098e-19
2.44881793e-19
2.46445094e-19
2.48312934e-19
2.50497090e-19
2.53007160e-19
2.55850815e-19
2.59034394e-19
2.62563077e-19
2.66441454e-19
2.70673397e-19
2.75261785e-19
2.80208199e-19
2.85511592e-19
2.91167452e-19
2.97166007e-19
3.03490619e-19
3.10116636e-19
3.17009521e-19
3.24124381e-19
3.31404976e-19
3.38783680e-19
3.46182542e-19
3.53514059e-19
3.60683066e-19
3.67589686e-19
3.74131756e-19
3.80208853e-19
3.85725578e-19
3.90595405e-19
3.94744666e-19
3.98115406e-19
4.00668355e-19
4.02384421e-19
4.03265466e-19
4.03333889e-19
4.02630892e-19
4.01213763e-19
3.99152294e-19
3.96524711e-19
3.93413180e-19
3.89899794e-19
3.86063003e-19
3.81974545e-19
3.77697915e-19
3.73287169e-19
3.68787265e-19
3.64234904e-19
3.59659558e-19
3.55085395e-19
3.50532378e-19
3.46017764e-19
3.41556877e-19
3.37163117e-19
3.32848066e-19
3.28620946e-19
3.24487693e-19
3.20450111e-19
3.16505796e-19
3.12647325e-19
3.08862497e-19
3.05135108e-19
3.01445914e-19
2.97774121e-19
2.94098865e-19
2.90400922e-19
2.86664467e-19
2.82878371e-19
2.79037314e-19
2.75142232e-19
2.71200429e-19
2.67225867e-19
2.63238154e-19
2.59261849e-19
2.55325718e-19
2.51461746e-19
2.47703891e-19
2.44087373e-19
2.40647738e-19
2.37419757e-19
2.34436866e-19
2.31730042e-19
2.29327153e-19
2.27252055e-19
2.25523582e-19
2.24154856e-19
2.23152339e-19
2.22515230e-19
2.22234888e-19
2.22294491e-19
2.22669036e-19
2.23325610e-19
2.24224119e-19
2.25318320e-19
2.26557371e-19
2.27887575e-19
2.29254633e-19
2.30605703e-19
2.31892063e-19
2.33071035e-19
2.34108178e-19
2.34978850e-19
2.35669168e-19
2.36176618e-19
2.36509855e-19
2.36687912e-19
2.36738895e-19
2.36698207e-19
2.36606458e-19
2.36507224e-19
2.36444779e-19
2.36461965e-19
2.36598295e-19
2.36888365e-19
2.37360645e-19
2.38036554e-19
2.38930072e-19
2.40047411e-19
2.41387223e-19
2.42941011e-19
2.44693528e-19
2.46623758e-19
2.48705896e-19
2.50910437e-19
2.53205483e-19
2.55558328e-19
2.57936840e-19
2.60310971e-19
2.62654310e-19
2.64945413e-19
2.67168537e-19
2.69314627e-19
2.71381591e-19
2.73373834e-19
2.75302136e-19
2.77182156e-19
2.79033392e-19
2.80877324e-19
2.82735773e-19
2.84628914e-19
2.86573692e-19
2.88582174e-19
2.90660302e-19
2.92807153e-19
2.95014350e-19
2.97266000e-19
2.99539201e-19
3.01804588e-19
3.04027596e-19
3.06169669e-19
3.08189845e-19
3.10046641e-19
3.11699736e-19
3.13112028e-19
3.14251373e-19
3.15092358e-19
3.15617900e-19
3.15820409e-19
3.15702673e-19
3.15278229e-19
3.14571151e-19
3.13615392e-19
3.12453415e-19
3.11134346e-19
3.09711765e-19
3.08241163e-19
3.06777144e-19
3.05370866e-19
3.04067601e-19
3.02904617e-19
3.01909762e-19
3.01100589e-19
3.00484126e-19
3.00057372e-19
2.99808446e-19
2.99718091e-19
2.99761624e-19
2.99911008e-19
3.00136901e-19
3.00410533e-19
3.00705231e-19
3.00997507e-19
3.01267681e-19
3.01499943e-19
3.01682006e-19
3.01804319e-19
3.01859033e-19
3.01838815e-19
3.01735654e-19
3.01539791e-19
3.01238906e-19
3.00817652e-19
3.00257570e-19
2.99537464e-19
2.98634208e-19
2.97523831e-19
2.96183031e-19
2.94590661e-19
2.92729420e-19
2.90587384e-19
2.88159177e-19
2.85446760e-19
2.82460201e-19
2.79217225e-19
2.75742954e-19
2.72068637e-19
2.68230593e-19
2.64268305e-19
2.60222970e-19
2.56135836e-19
2.52046410e-19
2.47991403e-19
2.44003703e-19
2.40111376e-19
2.36337559e-19
2.32699926e-19
2.29211031e-19
2.25878101e-19
2.22703931e-19
2.19686519e-19
2.16820331e-19
2.14096361e-19
2.11503138e-19
2.09027257e-19
2.06654445e-19
2.04370229e-19
2.02160954e-19
2.00014581e-19
1.97921209e-19
1.95873679e-19
1.93867785e-19
1.91902091e-19
1.89977771e-19
1.88097880e-19
1.86266742e-19
1.84489104e-19
1.82769190e-19
1.81110099e-19
1.79513066e-19
1.77977205e-19
1.76499374e-19
1.75074199e-19
1.73694551e-19
1.72351936e-19
1.71037234e-19
1.69741365e-19
1.68456039e-19
1.67174210e-19
1.65890890e-19
1.64603329e-19
1.63311412e-19
1.62017622e-19
1.60727042e-19
1.59447110e-19
1.58187150e-19
1.56957979e-19
1.55771228e-19
1.54638797e-19
