# Generated by CAESAR Pro Ultimate
# Gas: CHOCHO
# Math: Dynamic-ILS-Applied
3.90065052e-20
3.91629602e-20
3.93613876e-20
3.96003321e-20
3.98783460e-20
4.01941405e-20
4.05466750e-20
4.09351880e-20
4.13590861e-20
4.18178101e-20
4.23105845e-20
4.28361634e-20
4.33926355e-20
4.39772390e-20
4.45863219e-20
4.52154728e-20
4.58597939e-20
4.65142090e-20
4.71740077e-20
4.78353174e-20
4.84955019e-20
4.91534593e-20
4.98097791e-20
5.04666145e-20
5.11273961e-20
5.17964229e-20
5.24782780e-20
5.31772603e-20
5.38969036e-20
5.46396115e-20
5.54063407e-20
5.61967420e-20
5.70091412e-20
5.78409450e-20
5.86889139e-20
5.95495840e-20
6.04195053e-20
6.12954076e-20
6.21742634e-20
6.30530639e-20
6.39285899e-20
6.47969596e-20
6.56531967e-20
6.64908943e-20
6.73018828e-20
6.80762302e-20
6.88023707e-20
6.94675583e-20
7.00586115e-20
7.05627759e-20
7.09687547e-20
7.12677590e-20
7.14543769e-20
7.15272540e-20
7.14893913e-20
7.13480571e-20
7.11143006e-20
7.08020463e-20
7.04270006e-20
7.00053430e-20
6.95524585e-20
6.90819029e-20
6.86045484e-20
6.81281495e-20
6.76572976e-20
6.71936887e-20
6.67366042e-20
6.62835718e-20
6.58309993e-20
6.53746872e-20
6.49101836e-20
6.44330185e-20
6.39386706e-20
6.34224892e-20
6.28796767e-20
6.23051437e-20
6.16937200e-20
6.10403208e-20
6.03403263e-20
5.95901615e-20
5.87877640e-20
5.79331157e-20
5.70287046e-20
5.60797969e-20
5.50944378e-20
5.40833289e-20
5.30594162e-20
5.20372246e-20
5.10320573e-20
5.00592562e-20
4.91332195e-20
4.82666434e-20
4.74700462e-20
4.67512022e-20
4.61151810e-20
4.55643047e-20
4.50984651e-20
4.47154268e-20
4.44112308e-20
4.41804847e-20
4.40166202e-20
4.39120339e-20
4.38581706e-20
4.38456217e-20
4.38642741e-20
4.39035858e-20
4.39530075e-20
4.40025460e-20
4.40434106e-20
4.40686665e-20
4.40737920e-20
4.40570338e-20
4.40194875e-20
4.39648618e-20
4.38989334e-20
4.38287393e-20
4.37616116e-20
4.37041621e-20
4.36613404e-20
4.36356872e-20
4.36268687e-20
4.36315321e-20
4.36435065e-20
4.36543093e-20
4.36538942e-20
4.36315541e-20
4.35768726e-20
4.34806205e-20
4.33355110e-20
4.31367399e-20
4.28822740e-20
4.25728594e-20
4.22117764e-20
4.18044517e-20
4.13578547e-20
4.08798786e-20
4.03787593e-20
3.98625672e-20
3.93388034e-20
3.88142242e-20
3.82948059e-20
3.77858273e-20
3.72921360e-20
3.68183906e-20
3.63693735e-20
3.59502092e-20
3.55664514e-20
3.52240849e-20
3.49293069e-20
3.46882116e-20
3.45063181e-20
3.43881355e-20
3.43365976e-20
3.43526680e-20
3.44350706e-20
3.45802105e-20
3.47823190e-20
3.50337929e-20
3.53257066e-20
3.56484583e-20
3.59924143e-20
3.63485647e-20
3.67090309e-20
3.70674426e-20
3.74191682e-20
3.77613279e-20
3.80927264e-20
3.84136398e-20
3.87255785e-20
3.90310689e-20
3.93334329e-20
3.96366454e-20
3.99452727e-20
4.02644163e-20
4.05997315e-20
4.09573876e-20
4.13439945e-20
4.17664641e-20
4.22317019e-20
4.27462388e-20
4.33156873e-20
4.39441388e-20
4.46335839e-20
4.53833025e-20
4.61895057e-20
4.70451078e-20
4.79398269e-20
4.88606704e-20
4.97926260e-20
5.07196676e-20
5.16259867e-20
5.24971450e-20
5.33212919e-20
5.40900536e-20
5.47991824e-20
5.54488871e-20
5.60436863e-20
5.65920251e-20
5.71055156e-20
5.75980244e-20
5.80846892e-20
5.85808815e-20
5.91012931e-20
5.96592041e-20
6.02659545e-20
6.09305459e-20
6.16595869e-20
6.24573237e-20
6.33257395e-20
6.42647092e-20
6.52720559e-20
6.63435382e-20
6.74726451e-20
6.86501915e-20
6.98638849e-20
7.10978634e-20
7.23324597e-20
7.35442366e-20
7.47062685e-20
7.57892220e-20
7.67627590e-20
7.75973578e-20
7.82664779e-20
7.87488330e-20
7.90304130e-20
7.91061844e-20
7.89811920e-20
7.86709309e-20
7.82009472e-20
7.76057257e-20
7.69269571e-20
7.62112950e-20
7.55079566e-20
7.48661792e-20
7.43329395e-20
7.39509422e-20
7.37570280e-20
7.37811319e-20
7.40456773e-20
7.45654371e-20
7.53476970e-20
7.63926965e-20
7.76940456e-20
7.92392835e-20
8.10099602e-20
8.29821453e-20
8.51260637e-20
8.74063129e-20
8.97819431e-20
9.22064624e-20
9.46288098e-20
9.69945148e-20
9.92473485e-20
1.01331598e-19
1.03194842e-19
1.04790620e-19
1.06081377e-19
1.07040720e-19
1.07655634e-19
1.07927508e-19
1.07872705e-19
1.07522073e-19
1.06919652e-19
1.06120588e-19
1.05188344e-19
1.04191295e-19
1.03198916e-19
1.02277941e-19
1.01488176e-19
1.00878991e-19
1.00485995e-19
1.00328716e-19
1.00409237e-19
1.00712139e-19
1.01205845e-19
1.01845276e-19
1.02575961e-19
1.03338851e-19
1.04075857e-19
1.04735215e-19
1.05276121e-19
1.05672135e-19
1.05912823e-19
1.06003424e-19
1.05962508e-19
1.05817965e-19
1.05601840e-19
1.05344699e-19
1.05070344e-19
1.04791580e-19
1.04507596e-19
1.04203369e-19
1.03851082e-19
1.03413318e-19
1.02847615e-19
1.02111602e-19
1.01168149e-19
9.99897740e-20
9.85617283e-20
9.68837087e-20
9.49697608e-20
9.28469645e-20
9.05529648e-20
8.81326865e-20
8.56351648e-20
8.31101762e-20
8.06056736e-20
7.81656366e-20
7.58287127e-20
7.36270279e-20
7.15862871e-20
6.97253880e-20
6.80568624e-20
6.65871148e-20
6.53170394e-20
6.42426075e-20
6.33555138e-20
6.26440901e-20
6.20941567e-20
6.16901369e-20
6.14159909e-20
6.12563001e-20
6.11971237e-20
6.12266729e-20
6.13357169e-20
6.15176732e-20
6.17683962e-20
6.20856756e-20
6.24685322e-20
6.29164398e-20
6.34284967e-20
6.40027704e-20
6.46357642e-20
6.53221405e-20
6.60547403e-20
6.68247307e-20
6.76220451e-20
6.84358325e-20
6.92549994e-20
7.00687940e-20
7.08672416e-20
7.16415529e-20
7.23844791e-20
7.30905577e-20
7.37561736e-20
7.43797138e-20
7.49615253e-20
7.55037766e-20
7.60102657e-20
7.64861144e-20
7.69374168e-20
7.73708223e-20
7.77930340e-20
7.82104908e-20
7.86289203e-20
7.90531528e-20
7.94869418e-20
7.99329827e-20
8.03929699e-20
8.08678141e-20
8.13577754e-20
8.18627686e-20
8.23823946e-20
8.29160464e-20
8.34628015e-20
8.40211475e-20
8.45885915e-20
8.51611270e-20
8.57326670e-20
8.62944742e-20
8.68345966e-20
8.73377032e-20
8.77849589e-20
8.81544571e-20
8.84219036e-20
8.85617459e-20
8.85485573e-20
8.83586468e-20
8.79717433e-20
8.73725103e-20
8.65519446e-20
8.55082744e-20
8.42474085e-20
8.27831221e-20
8.11362928e-20
7.93343299e-20
7.74097560e-20
7.53987556e-20
7.33398979e-20
7.12723772e-20
6.92346207e-20
6.72631086e-20
6.53913171e-20
6.36488011e-20
6.20607913e-20
6.06479450e-20
5.94263049e-20
5.84077113e-20
5.76001919e-20
5.70086168e-20
5.66352349e-20
5.64800487e-20
5.65409666e-20
5.68135537e-20
5.72904285e-20
5.79603278e-20
5.88070834e-20
5.98086036e-20
6.09362053e-20
6.21545849e-20
6.34225424e-20
6.46943407e-20
6.59221395e-20
6.70588189e-20
6.80610405e-20
6.88922956e-20
6.95254680e-20
6.99447016e-20
7.01462886e-20
7.01385858e-20
6.99410688e-20
6.95826628e-20
6.90995830e-20
6.85329467e-20
6.79265122e-20
6.73245009e-20
6.67698354e-20
6.63028154e-20
6.59601981e-20
6.57746895e-20
6.57748875e-20
6.59855261e-20
6.64280230e-20
6.71211740e-20
6.80819350e-20
6.93259924e-20
7.08679847e-20
7.27212903e-20
7.48968870e-20
7.74017045e-20
8.02359875e-20
8.33902325e-20
8.68422113e-20
9.05539826e-20
9.44699522e-20
9.85166088e-20
1.02603488e-19
1.06626714e-19
1.10473780e-19
1.14030012e-19
1.17186039e-19
1.19844752e-19
1.21928018e-19
1.23381457e-19
1.24177481e-19
1.24316123e-19
1.23823595e-19
1.22749104e-19
1.21160325e-19
1.19138204e-19
1.16771407e-19
1.14151337e-19
1.11367756e-19
1.08505079e-19
1.05640016e-19
1.02839659e-19
1.00160756e-19
9.76494366e-20
9.53412931e-20
9.32621854e-20
9.14289203e-20
8.98504331e-20
8.85289054e-20
8.74608599e-20
8.66384175e-20
8.60502740e-20
8.56826896e-20
8.55202239e-20
8.55462956e-20
8.57435919e-20
8.60942875e-20
8.65801953e-20
8.71828238e-20
8.78835225e-20
8.86636442e-20
8.95048710e-20
9.03897742e-20
9.13024317e-20
9.22293317e-20
9.31602306e-20
9.40890515e-20
9.50147128e-20
9.59415932e-20
9.68796990e-20
9.78444334e-20
9.88558854e-20
9.99375236e-20
1.01114752e-19
1.02413078e-19
1.03856151e-19
1.05463934e-19
1.07251077e-19
1.09225803e-19
1.11389268e-19
1.13735429e-19
1.16251609e-19
1.18919508e-19
1.21716761e-19
1.24618683e-19
1.27599576e-19
1.30634509e-19
1.33700287e-19
1.36775782e-19
1.39841775e-19
1.42880416e-19
1.45873859e-19
1.48802869e-19
1.51645642e-19
1.54376539e-19
1.56965862e-19
1.59379993e-19
1.61582584e-19
1.63536697e-19
1.65207315e-19
1.66564618e-19
1.67587118e-19
1.68264700e-19
1.68601114e-19
1.68615502e-19
1.68342951e-19
1.67833819e-19
1.67151934e-19
1.66371658e-19
1.65574173e-19
1.64843031e-19
1.64259602e-19
1.63898294e-19
1.63822455e-19
1.64080765e-19
1.64704796e-19
1.65707663e-19
1.67084126e-19
1.68812043e-19
1.70854939e-19
1.73165536e-19
1.75689998e-19
1.78371951e-19
1.81156140e-19
1.83991252e-19
1.86831339e-19
1.89635260e-19
1.92365300e-19
1.94984106e-19
1.97450812e-19
1.99717264e-19
2.01724804e-19
2.03402577e-19
2.04667652e-19
2.05427178e-19
2.05583075e-19
2.05038210e-19
2.03703791e-19
2.01507162e-19
1.98398829e-19
1.94358329e-19
1.89398107e-19
1.83564764e-19
1.76937772e-19
1.69626916e-19
1.61766258e-19
1.53507276e-19
1.45012483e-19
1.36445752e-19
1.27966713e-19
1.19722709e-19
1.11844215e-19
1.04440246e-19
9.75967212e-20
9.13752384e-20
8.58144136e-20
8.09319433e-20
7.67272988e-20
7.31855070e-20
7.02805452e-20
6.79782531e-20
6.62390180e-20
6.50192323e-20
6.42722810e-20
6.39486997e-20
6.39959835e-20
6.43583947e-20
6.49770239e-20
6.57903882e-20
6.67357113e-20
6.77509810e-20
6.87774095e-20
6.97623126e-20
7.06616006e-20
7.14421282e-20
7.20827764e-20
7.25748032e-20
7.29209036e-20
7.31332613e-20
7.32308667e-20
7.32364117e-20
7.31731550e-20
7.30621738e-20
7.29202764e-20
7.27587955e-20
7.25833082e-20
7.23942044e-20
7.21879371e-20
7.19587395e-20
7.17004201e-20
7.14081443e-20
7.10797988e-20
7.07169420e-20
7.03251422e-20
6.99138008e-20
6.94954463e-20
6.90845854e-20
6.86963209e-20
6.83447488e-20
6.80414041e-20
6.77938137e-20
6.76043185e-20
6.74693412e-20
6.73791364e-20
6.73181488e-20
6.72659521e-20
6.71987283e-20
6.70911711e-20
6.69186257e-20
6.66592379e-20
6.62959201e-20
6.58178720e-20
6.52215955e-20
6.45111882e-20
6.36981639e-20
6.28004338e-20
6.18411841e-20
6.08471687e-20
5.98469703e-20
5.88693992e-20
5.79417569e-20
5.70884425e-20
5.63298232e-20
5.56813364e-20
5.51528609e-20
5.47484895e-20
5.44665686e-20
5.43000575e-20
5.42372260e-20
5.42626259e-20
5.43582529e-20
5.45048786e-20
5.46833796e-20
5.48760508e-20
5.50676744e-20
5.52463941e-20
5.54042504e-20
5.55373645e-20
5.56458471e-20
5.57334079e-20
5.58067631e-20
5.58749225e-20
5.59484330e-20
5.60386411e-20
5.61570468e-20
5.63148003e-20
5.65223448e-20
5.67892559e-20
5.71242187e-20
5.75351321e-20
5.80293130e-20
5.86136314e-20
5.92946253e-20
6.00783610e-20
6.09700675e-20
6.19735571e-20
6.30902625e-20
6.43182510e-20
6.56510456e-20
6.70766234e-20
6.85768260e-20
7.01270888e-20
7.16968677e-20
7.32508480e-20
7.47505817e-20
7.61569078e-20
7.74324850e-20
7.85445152e-20
7.94673363e-20
8.01844107e-20
8.06898289e-20
8.09889097e-20
8.10980602e-20
8.10438563e-20
8.08614541e-20
8.05925569e-20
8.02830733e-20
7.99807293e-20
7.97327294e-20
7.95836995e-20
7.95739296e-20
7.97380586e-20
8.01042182e-20
8.06936260e-20
8.15207168e-20
8.25937685e-20
8.39157373e-20
8.54858175e-20
8.73006230e-20
8.93558477e-20
9.16472409e-20
9.41713916e-20
9.69254003e-20
9.99060363e-20
1.03107589e-19
1.06519035e-19
1.10120898e-19
1.13881688e-19
1.17754639e-19
1.21675630e-19
1.25563210e-19
1.29319953e-19
1.32835616e-19
1.35992438e-19
1.38672105e-19
1.40763170e-19
1.42168886e-19
1.42814434e-19
1.42652630e-19
1.41667833e-19
1.39877693e-19
1.37332437e-19
1.34112163e-19
1.30322305e-19
1.26087418e-19
1.21544563e-19
1.16836218e-19
1.12103079e-19
1.07478207e-19
1.03081462e-19
9.90159569e-20
9.53657023e-20
9.21946530e-20
8.95478311e-20
8.74532361e-20
8.59255024e-20
8.49693884e-20
8.45842215e-20
8.47673045e-20
8.55166947e-20
8.68323894e-20
8.87157384e-20
9.11671755e-20
9.41821087e-20
9.77456626e-20
1.01827234e-19
1.06374972e-19
1.11312241e-19
1.16535715e-19
1.21916518e-19
1.27304828e-19
1.32536736e-19
1.37443777e-19
1.41864040e-19
1.45653273e-19
1.48694406e-19
1.50905965e-19
1.52246817e-19
1.52717670e-19
1.52359485e-19
1.51248947e-19
1.49491844e-19
1.47215303e-19
1.44559451e-19
1.41669696e-19
1.38689807e-19
1.35756023e-19
1.32992600e-19
1.30508780e-19
1.28396790e-19
1.26731099e-19
1.25568644e-19
1.24950425e-19
1.24903926e-19
1.25446677e-19
1.26590407e-19
1.28345605e-19
1.30725910e-19
1.33751150e-19
1.37449171e-19
1.41855202e-19
1.47007617e-19
1.52942450e-19
1.59683161e-19
1.67230666e-19
1.75551309e-19
1.84567163e-19
1.94147778e-19
2.04107627e-19
2.14207676e-19
2.24163657e-19
2.33659484e-19
2.42367076e-19
2.49965731e-19
2.56165586e-19
2.60726995e-19
2.63477238e-19
2.64320684e-19
2.63242915e-19
2.60307938e-19
2.55649485e-19
2.49458017e-19
2.41964613e-19
2.33423894e-19
2.24099386e-19
2.14247845e-19
2.04110562e-19
1.93904318e-19
1.83818035e-19
1.74010242e-19
1.64610052e-19
1.55718829e-19
1.47412114e-19
1.39743123e-19
1.32744803e-19
1.26432870e-19
1.20807972e-19
1.15857302e-19
1.11556808e-19
1.07872390e-19
1.04761736e-19
1.02175804e-19
1.00060250e-19
9.83572843e-20
9.70073977e-20
9.59511159e-20
9.51309965e-20
9.44933875e-20
9.39902140e-20
9.35804562e-20
9.32312756e-20
9.29187601e-20
9.26280948e-20
9.23532486e-20
9.20961299e-20
9.18652975e-20
9.16743937e-20
9.15403702e-20
9.14817296e-20
9.15168666e-20
9.16626466e-20
9.19332902e-20
9.23395716e-20
9.28883741e-20
9.35824710e-20
9.44206156e-20
9.53977223e-20
9.65051916e-20
9.77314065e-20
9.90621396e-20
1.00481216e-19
1.01971061e-19
1.03513368e-19
1.05089918e-19
1.06683175e-19
1.08277117e-19
1.09857542e-19
1.11412808e-19
1.12933639e-19
1.14413258e-19
1.15847025e-19
1.17231865e-19
1.18565655e-19
1.19846702e-19
1.21073168e-19
1.22242780e-19
1.23352869e-19
1.24400498e-19
1.25383027e-19
1.26298542e-19
1.27146725e-19
1.27929330e-19
1.28650734e-19
1.29318273e-19
1.29942415e-19
1.30536643e-19
1.31117209e-19
1.31702560e-19
1.32312628e-19
1.32967672e-19
1.33687083e-19
1.34487618e-19
1.35381670e-19
1.36375376e-19
1.37466657e-19
1.38643952e-19
1.39885016e-19
1.41156908e-19
1.42416547e-19
1.43612405e-19
1.44686845e-19
1.45579304e-19
1.46229686e-19
1.46581935e-19
1.46587330e-19
1.46207241e-19
1.45415132e-19
1.44197655e-19
1.42554897e-19
1.40499598e-19
1.38055778e-19
1.35256746e-19
1.32142539e-19
1.28757546e-19
1.25148101e-19
1.21360189e-19
1.17437631e-19
1.13421383e-19
1.09348400e-19
1.05251544e-19
1.01159959e-19
9.70995270e-20
9.30931532e-20
8.91615307e-20
8.53235100e-20
8.15960651e-20
7.79946426e-20
7.45327542e-20
7.12220367e-20
6.80720613e-20
6.50900138e-20
6.22809208e-20
5.96474206e-20
5.71903708e-20
5.49084933e-20
5.27992559e-20
5.08585907e-20
4.90816550e-20
4.74627419e-20
4.59956946e-20
4.46739706e-20
4.34909195e-20
4.24399322e-20
4.15145224e-20
4.07085351e-20
4.00161527e-20
3.94319789e-20
3.89509863e-20
3.85683701e-20
3.82793952e-20
3.80791457e-20
3.79622487e-20
3.79226367e-20
3.79533676e-20
3.80465300e-20
3.81933052e-20
3.83841633e-20
3.86092013e-20
3.88586189e-20
3.91232407e-20
3.93950687e-20
3.96678147e-20
3.99373000e-20
4.02017605e-20
4.04619476e-20
4.07210655e-20
4.09845487e-20
4.12596494e-20
4.15549046e-20
4.18795240e-20
4.22426697e-20
4.26527659e-20
4.31167705e-20
4.36395868e-20
4.42234602e-20
4.48677380e-20
4.55685781e-20
4.63191019e-20
4.71097028e-20
4.79285676e-20
4.87624512e-20
4.95975783e-20
5.04206859e-20
5.12200565e-20
5.19863689e-20
5.27136147e-20
5.33997011e-20
5.40468187e-20
5.46615988e-20
5.52550593e-20
5.58422361e-20
5.64416328e-20
5.70745046e-20
5.77638771e-20
5.85335217e-20
5.94067309e-20
6.04050676e-20
6.15471956e-20
6.28476622e-20
6.43160424e-20
6.59561933e-20
6.77659185e-20
6.97371747e-20
7.18565017e-20
7.41059596e-20
7.64645766e-20
7.89097218e-20
8.14189638e-20
8.39714774e-20
8.65496850e-20
8.91398295e-20
9.17330480e-20
9.43246833e-20
9.69140052e-20
9.95026808e-20
1.02093290e-19
1.04687155e-19
1.07282574e-19
1.09872879e-19
1.12445127e-19
1.14979590e-19
1.17449711e-19
1.19823064e-19
1.22063197e-19
1.24132039e-19
1.25992453e-19
1.27611514e-19
1.28963361e-19
1.30031577e-19
1.30811509e-19
1.31311368e-19
1.31552999e-19
1.31571696e-19
1.31415358e-19
1.31143074e-19
1.30823138e-19
1.30530716e-19
1.30345212e-19
1.30347434e-19
1.30616730e-19
1.31228094e-19
1.32249448e-19
1.33739228e-19
1.35744079e-19
1.38297338e-19
1.41418060e-19
1.45110169e-19
1.49363532e-19
1.54154231e-19
1.59446897e-19
1.65197208e-19
1.71354003e-19
1.77862943e-19
1.84669323e-19
1.91720227e-19
1.98966200e-19
2.06362400e-19
2.13867728e-19
2.21443254e-19
2.29050148e-19
2.36645882e-19
2.44181497e-19
2.51598153e-19
2.58825112e-19
2.65779574e-19
2.72367221e-19
2.78485769e-19
2.84029203e-19
2.88893802e-19
2.92985162e-19
2.96224582e-19
2.98555598e-19
2.99948780e-19
3.00405335e-19
2.99958874e-19
2.98675314e-19
2.96651312e-19
2.94011120e-19
2.90902663e-19
2.87492460e-19
2.83960431e-19
2.80494223e-19
2.77283137e-19
2.74512514e-19
2.72357616e-19
2.70978402e-19
2.70513836e-19
2.71077528e-19
2.72753748e-19
2.75594521e-19
2.79618251e-19
2.84809439e-19
2.91120616e-19
2.98475329e-19
3.06772853e-19
3.15894826e-19
3.25711601e-19
3.36090345e-19
3.46901457e-19
3.58024404e-19
3.69352457e-19
3.80793351e-19
3.92268933e-19
4.03710216e-19
4.15050497e-19
4.26217250e-19
4.37121723e-19
4.47649739e-19
4.57654821e-19
4.66954184e-19
4.75327597e-19
4.82523397e-19
4.88267586e-19
4.92276936e-19
4.94275445e-19
4.94011986e-19
4.91277724e-19
4.85921144e-19
4.77861050e-19
4.67093246e-19
4.53695602e-19
4.37825174e-19
4.19713608e-19
3.99656140e-19
3.78000287e-19
3.55128753e-19
3.31446917e-19
3.07361126e-19
2.83268188e-19
2.59537576e-19
2.36499789e-19
2.14437997e-19
1.93581300e-19
1.74102145e-19
1.56115630e-19
1.39682348e-19
1.24816085e-19
1.11487157e-19
9.96338809e-20
8.91685167e-20
7.99866237e-20
7.19734935e-20
6.50111603e-20
5.89826216e-20
5.37766383e-20
4.92889295e-20
4.54248942e-20
4.20994780e-20
3.92372724e-20
3.67724541e-20
3.46474098e-20
3.28124606e-20
3.12246226e-20
2.98468431e-20
2.86474555e-20
2.75993911e-20
2.66797509e-20
2.58694646e-20
2.51529648e-20
2.45178596e-20
2.39546924e-20
2.34566006e-20
2.30188790e-20
2.26385255e-20
2.23136157e-20
2.20426652e-20
2.18239178e-20
2.16546332e-20
2.15304811e-20
2.14450421e-20
2.13895373e-20
2.13527993e-20
2.13215270e-20
2.12808273e-20
2.12149944e-20
2.11084850e-20
2.09469572e-20
2.07183342e-20
2.04137091e-20
2.00280388e-20
1.95605648e-20
1.90148996e-20
1.83987385e-20
1.77233363e-20
1.70027252e-20
1.62527333e-20
1.54900354e-20
1.47311984e-20
1.39918050e-20
1.32857648e-20
1.26249404e-20
1.20187163e-20
1.14740668e-20
1.09955215e-20
1.05854120e-20
1.02440916e-20
9.97025884e-21
9.76124746e-21
9.61329378e-21
9.52180870e-21
9.48159316e-21
9.48705388e-21
9.53239365e-21
9.61180548e-21
9.71966109e-21
9.85070775e-21
1.00002435e-20
1.01642707e-20
1.03396175e-20
1.05239749e-20
1.07158575e-20
1.09144833e-20
1.11195283e-20
1.13308277e-20
1.15479854e-20
1.17699990e-20
1.19948537e-20
1.22192788e-20
1.24385276e-20
1.26464087e-20
1.28354386e-20
1.29972174e-20
1.31229279e-20
1.32039744e-20
1.32326456e-20
1.32027698e-20
1.31102684e-20
1.29535554e-20
1.27337477e-20
1.24546408e-20
1.21225082e-20
1.17456813e-20
1.13340484e-20
1.08984131e-20
1.04499467e-20
9.99950804e-21
9.55724041e-21
9.13209626e-21
8.73159405e-21
8.36160462e-21
8.02630354e-21
7.72814057e-21
7.46792577e-21
7.24493697e-21
7.05705401e-21
6.90095376e-21
6.77231360e-21
6.66603607e-21
6.57651615e-21
6.49790705e-21
6.42441113e-21
6.35056126e-21
6.27148063e-21
6.18311851e-21
6.08242194e-21
5.96745518e-21
5.83744322e-21
5.69273141e-21
5.53469355e-21
5.36555384e-21
5.18820781e-21
5.00595163e-21
4.82228514e-21
4.64066266e-21
4.46430289e-21
4.29604416e-21
4.13823852e-21
3.99268473e-21
3.86062644e-21
3.74277556e-21
3.63935692e-21
3.55018706e-21
3.47474021e-21
3.41223669e-21
3.36169519e-21
3.32200195e-21
3.29195498e-21
3.27030294e-21
3.25577581e-21
3.24711534e-21
3.24310151e-21
3.24258195e-21
3.24450116e-21
3.24793056e-21
3.25209684e-21
3.25640487e-21
3.26045428e-21
3.26404525e-21
3.26717345e-21
3.27001242e-21
3.27288513e-21
3.27622549e-21
3.28053278e-21
3.28632223e-21
3.29407399e-21
3.30418558e-21
3.31692734e-21
3.33241018e-21
3.35055857e-21
3.37110076e-21
3.39357102e-21
3.41732516e-21
3.44157105e-21
3.46541019e-21
3.48789020e-21
3.50806144e-21
3.52503402e-21
3.53803287e-21
3.54644482e-21
3.54985567e-21
3.54807310e-21
3.54113702e-21
3.52931649e-21
3.51309443e-21
3.49314390e-21
3.47029700e-21
3.44551036e-21
3.41982368e-21
3.39432647e-21
3.37011634e-21
3.34826554e-21
3.32978523e-21
3.31559854e-21
3.30651043e-21
3.30318916e-21
3.30614960e-21
3.31574341e-21
3.33215660e-21
3.35541233e-21
3.38538182e-21
3.42179721e-21
3.46427272e-21
3.51232414e-21
3.56539225e-21
3.62286500e-21
3.68410310e-21
3.74846322e-21
3.81531754e-21
3.88407599e-21
3.95420432e-21
4.02524388e-21
4.09682413e-21
4.16866528e-21
4.24057583e-21
4.31243531e-21
4.38416926e-21
4.45569977e-21
4.52689578e-21
4.59750327e-21
4.66708680e-21
4.73495793e-21
4.80014571e-21
4.86135819e-21
4.91699847e-21
4.96520161e-21
5.00389726e-21
5.03091708e-21
5.04410232e-21
5.04143610e-21
5.02116710e-21
4.98192327e-21
4.92280696e-21
4.84345796e-21
4.74409181e-21
4.62550607e-21
4.48904702e-21
4.33656338e-21
4.17033275e-21
3.99295846e-21
3.80727847e-21
3.61623910e-21
3.42279386e-21
3.22979578e-21
3.03988693e-21
2.85543103e-21
2.67843302e-21
2.51050804e-21
2.35286061e-21
2.20627722e-21
2.07115999e-21
1.94756576e-21
1.83525085e-21
1.73374160e-21
1.64238729e-21
1.56042895e-21
1.48704447e-21
1.42140733e-21
1.36270603e-21
1.31018530e-21
1.26315247e-21
1.22098624e-21
1.18314347e-21
1.14914536e-21
1.11857886e-21
1.09108146e-21
1.06633520e-21
1.04405572e-21
1.02398698e-21
1.00589376e-21
9.89558886e-22
9.74779988e-22
9.61368006e-22
9.49145395e-22
9.37945301e-22
9.27611138e-22
9.17995517e-22
9.08958550e-22
9.00368776e-22
8.92101207e-22
8.84039419e-22
8.76076955e-22
8.68120314e-22
8.60092323e-22
8.51936160e-22
8.43620545e-22
8.35142271e-22
8.26528631e-22
8.17838269e-22
8.09159563e-22
8.00606236e-22
7.92312052e-22
7.84423376e-22
7.77090377e-22
7.70459282e-22
7.64664110e-22
7.59820883e-22
7.56023218e-22
7.53339886e-22
7.51814956e-22
7.51469153e-22
7.52302300e-22
7.54296071e-22
7.57416298e-22
7.61613986e-22
7.66825390e-22
7.72970332e-22
7.79949911e-22
7.87643871e-22
7.95909258e-22
8.04580604e-22
8.13472259e-22
8.22384230e-22
8.31110676e-22
8.39451431e-22
8.47224713e-22
8.54278662e-22
8.60504370e-22
8.65842678e-22
8.70289780e-22
8.73896447e-22
8.76763447e-22
8.79032016e-22
8.80871330e-22
8.82463996e-22
8.83991034e-22
8.85617808e-22
8.87482832e-22
8.89689990e-22
8.92304586e-22
8.95354592e-22
8.98834780e-22
9.02715151e-22
9.06950717e-22
9.11492794e-22
9.16299077e-22
9.21342604e-22
9.26617095e-22
9.32138853e-22
9.37944989e-22
9.44087085e-22
9.50621922e-22
9.57600458e-22
9.65055079e-22
9.72988767e-22
9.81365551e-22
9.90105007e-22
9.99081941e-22
1.00812979e-21
1.01705047e-21
1.02562581e-21
1.03363506e-21
1.04087024e-21
1.04715246e-21
1.05234538e-21
1.05636537e-21
1.05918617e-21
1.06083954e-21
1.06141064e-21
1.06103004e-21
1.05986295e-21
1.05809718e-21
1.05593109e-21
1.05356274e-21
1.05118099e-21
1.04895865e-21
1.04704848e-21
1.04558091e-21
1.04466389e-21
1.04438368e-21
1.04480651e-21
1.04598050e-21
1.04793762e-21
1.05069567e-21
1.05426052e-21
1.05862795e-21
1.06378671e-21
1.06972225e-21
1.07642021e-21
1.08387305e-21
1.09208462e-21
1.10107737e-21
1.11089858e-21
1.12162399e-21
1.13336190e-21
1.14625304e-21
1.16046632e-21
1.17619068e-21
1.19362346e-21
1.21295264e-21
1.23433644e-21
1.25788169e-21
1.28362204e-21
1.31149406e-21
1.34132410e-21
1.37281905e-21
1.40556076e-21
1.43902222e-21
1.47257910e-21
1.50554288e-21
1.53719660e-21
1.56683116e-21
1.59379085e-21
1.61751107e-21
1.63754943e-21
1.65360914e-21
1.66555205e-21
1.67339772e-21
1.67731323e-21
1.67759395e-21
1.67463736e-21
1.66891422e-21
1.66093966e-21
1.65124711e-21
1.64036565e-21
1.62880401e-21
1.61703816e-21
1.60550500e-21
1.59459862e-21
1.58466785e-21
1.57601610e-21
1.56889947e-21
1.56352577e-21
1.56005228e-21
1.55858417e-21
1.55917370e-21
1.56182203e-21
1.56648367e-21
1.57307434e-21
1.58148317e-21
1.59158751e-21
1.60327043e-21
1.61644030e-21
1.63104807e-21
1.64710418e-21
1.66468898e-21
1.68395740e-21
1.70513716e-21
1.72851558e-21
1.75441817e-21
1.78318026e-21
1.81510754e-21
1.85043641e-21
1.88928838e-21
1.93162822e-21
1.97723069e-21
2.02565786e-21
2.07624355e-21
2.12810710e-21
2.18018016e-21
2.23124460e-21
2.27999911e-21
2.32512889e-21
2.36537946e-21
2.39963112e-21
2.42696636e-21
2.44671713e-21
2.45849769e-21
2.46221048e-21
2.45803486e-21
2.44639270e-21
2.42790098e-21
2.40331374e-21
2.37346295e-21
2.33920170e-21
2.30135644e-21
2.26068831e-21
2.21786855e-21
2.17346865e-21
2.12795900e-21
2.08171753e-21
2.03503969e-21
1.98815752e-21
1.94125043e-21
1.89446191e-21
1.84790507e-21
1.80167190e-21
1.75583573e-21
1.71045458e-21
1.66556511e-21
1.62119279e-21
1.57734590e-21
1.53402305e-21
1.49121296e-21
1.44890715e-21
1.40709703e-21
1.36578629e-21
1.32499437e-21
1.28476121e-21
1.24514668e-21
1.20623386e-21
1.16812356e-21
1.13093365e-21
1.09479060e-21
1.05982591e-21
1.02616928e-21
9.93943665e-22
9.63259218e-22
9.34209949e-22
9.06872856e-22
8.81306272e-22
8.57550424e-22
8.35627194e-22
8.15541217e-22
7.97284324e-22
7.80832450e-22
7.66151256e-22
7.53194221e-22
7.41905121e-22
7.32217620e-22
7.24056866e-22
7.17339251e-22
7.11974522e-22
7.07865412e-22
7.04910350e-22
7.03004294e-22
7.02040773e-22
7.01913901e-22
7.02519993e-22
7.03759238e-22
7.05536908e-22
7.07763936e-22
7.10357063e-22
7.13237914e-22
7.16331732e-22
7.19565040e-22
7.22862945e-22
7.26146434e-22
7.29329383e-22
7.32316340e-22
7.35001526e-22
7.37268837e-22
7.38994059e-22
7.40048568e-22
7.40305028e-22
7.39644466e-22
7.37964098e-22
7.35185148e-22
7.31259939e-22
7.26177384e-22
7.19965696e-22
7.12692872e-22
7.04464125e-22
6.95415975e-22
6.85709374e-22
6.75519943e-22
6.65029219e-22
6.54414318e-22
6.43841548e-22
6.33457463e-22
6.23386858e-22
6.13728915e-22
6.04557070e-22
5.95921809e-22
5.87852554e-22
5.80362108e-22
5.73451867e-22
5.67116923e-22
5.61350787e-22
5.56150695e-22
5.51521145e-22
5.47477909e-22
5.44049004e-22
5.41276312e-22
5.39214128e-22
5.37926978e-22
5.37485976e-22
5.37963879e-22
5.39429408e-22
5.41941294e-22
5.45542581e-22
5.50255297e-22
5.56076158e-22
5.62973202e-22
5.70884131e-22
5.79714711e-22
5.89339289e-22
5.99600654e-22
6.10312086e-22
6.21258698e-22
6.32200508e-22
6.42876368e-22
6.53010218e-22
6.62318786e-22
6.70520960e-22
6.77349759e-22
6.82565382e-22
6.85969140e-22
6.87416215e-22
6.86826384e-22
6.84191673e-22
6.79579550e-22
6.73130587e-22
6.65051507e-22
6.55602506e-22
6.45081964e-22
6.33807075e-22
6.22096628e-22
6.10250303e-22
5.98535759e-22
5.87174976e-22
5.76336966e-22
5.66135304e-22
5.56629229e-22
5.47828873e-22
5.39702704e-22
5.32187088e-22
5.25197635e-22
5.18638445e-22
5.12411684e-22
5.06425787e-22
5.00601606e-22
4.94876333e-22
4.89206329e-22
4.83567855e-22
4.77956001e-22
4.72383285e-22
4.66876443e-22
4.61473524e-22
4.56220410e-22
4.51167049e-22
4.46364776e-22
4.41863234e-22
4.37708652e-22
4.33942421e-22
4.30600132e-22
4.27711786e-22
4.25301879e-22
4.23390639e-22
4.21994556e-22
4.21128031e-22
4.20804255e-22
4.21036380e-22
4.21838406e-22
4.23225751e-22
4.25215687e-22
4.27827345e-22
4.31081415e-22
4.34999812e-22
4.39604692e-22
4.44917300e-22
4.50956839e-22
4.57739190e-22
4.65274246e-22
4.73565828e-22
4.82608306e-22
4.92386385e-22
5.02872888e-22
5.14028555e-22
5.25800724e-22
5.38122867e-22
5.50915233e-22
5.64083834e-22
5.77521617e-22
5.91107732e-22
6.04707589e-22
6.18173841e-22
6.31345568e-22
6.44050182e-22
6.56104090e-22
6.67315317e-22
6.77488086e-22
6.86427289e-22
6.93945171e-22
6.99869418e-22
7.04050668e-22
7.06371050e-22
7.06751017e-22
7.05155186e-22
7.01595714e-22
6.96133280e-22
6.88874858e-22
6.79969406e-22
6.69601205e-22
6.57980721e-22
6.45336037e-22
6.31902294e-22
6.17913429e-22
6.03594374e-22
5.89153843e-22
5.74780716e-22
5.60641319e-22
5.46877439e-22
5.33607813e-22
5.20928298e-22
5.08914741e-22
4.97625264e-22
4.87101953e-22
4.77374095e-22
4.68459325e-22
4.60366007e-22
4.53094550e-22
4.46638053e-22
4.40983791e-22
4.36113333e-22
4.32003447e-22
4.28626394e-22
4.25949969e-22
4.23937941e-22
4.22550095e-22
4.21742247e-22
4.21466481e-22
4.21671268e-22
4.22301809e-22
4.23300449e-22
4.24607370e-22
4.26161319e-22
4.27900664e-22
4.29764353e-22
4.31692970e-22
4.33629873e-22
4.35521973e-22
4.37320460e-22
4.38981409e-22
4.40466133e-22
4.41741156e-22
4.42778487e-22
4.43555563e-22
4.44055207e-22
4.44265682e-22
4.44180739e-22
4.43799661e-22
4.43127211e-22
4.42173495e-22
4.40953639e-22
4.39487278e-22
4.37797753e-22
4.35911108e-22
4.33855288e-22
4.31658864e-22
4.29350087e-22
4.26956189e-22
4.24502843e-22
4.22013712e-22
4.19510549e-22
4.17013337e-22
4.14540375e-22
4.12108775e-22
4.09734483e-22
4.07432580e-22
4.05217301e-22
4.03101804e-22
4.01098194e-22
3.99217134e-22
3.97467770e-22
3.95857533e-22
3.94391887e-22
3.93074315e-22
3.91906188e-22
3.90886547e-22
3.90012035e-22
3.89276602e-22
3.88671381e-22
3.88184468e-22
3.87801015e-22
3.87503326e-22
3.87271467e-22
3.87084051e-22
3.86919428e-22
3.86757174e-22
3.86579700e-22
3.86373925e-22
3.86132796e-22
3.85856480e-22
3.85553055e-22
3.85238636e-22
3.84936849e-22
3.84677646e-22
3.84495593e-22
3.84427751e-22
3.84511234e-22
3.84780744e-22
3.85266113e-22
3.85990197e-22
3.86966950e-22
3.88200110e-22
3.89682382e-22
3.91394947e-22
3.93307882e-22
3.95381021e-22
3.97565311e-22
3.99804795e-22
4.02039273e-22
4.04207080e-22
4.06248300e-22
4.08108182e-22
4.09740372e-22
4.11109584e-22
4.12194168e-22
4.12987616e-22
4.13499112e-22
4.13753366e-22
4.13789140e-22
4.13657068e-22
4.13416618e-22
4.13132500e-22
4.12870795e-22
4.12694984e-22
4.12662214e-22
4.12819934e-22
4.13203140e-22
4.13832339e-22
4.14712305e-22
4.15831786e-22
4.17163978e-22
4.18668027e-22
4.20291197e-22
4.21971806e-22
4.23642902e-22
4.25236101e-22
4.26685914e-22
4.27933786e-22
4.28931966e-22
4.29646841e-22
4.30061327e-22
4.30176383e-22
4.30011305e-22
4.29602915e-22
4.29003624e-22
4.28278481e-22
4.27501447e-22
4.26751209e-22
4.26106712e-22
4.25642682e-22
4.25425514e-22
4.25509571e-22
4.25934106e-22
4.26720907e-22
4.27872633e-22
4.29371964e-22
4.31181563e-22
4.33244458e-22
4.35485621e-22
4.37814104e-22
4.40125849e-22
4.42307385e-22
4.44240383e-22
4.45806539e-22
4.46893060e-22
4.47398349e-22
4.47237337e-22
4.46346368e-22
4.44687053e-22
4.42248914e-22
4.39050227e-22
4.35137489e-22
4.30582705e-22
4.25479598e-22
4.19938438e-22
4.14079609e-22
4.08027517e-22
4.01904325e-22
3.95823848e-22
3.89887329e-22
3.84179408e-22
3.78766360e-22
3.73695301e-22
3.68994477e-22
3.64674843e-22
3.60733116e-22
3.57154179e-22
3.53914897e-22
3.50987194e-22
3.48341514e-22
3.45949332e-22
3.43785556e-22
3.41830091e-22
3.40068645e-22
3.38493155e-22
3.37101495e-22
3.35896619e-22
3.34885550e-22
3.34077869e-22
3.33484233e-22
3.33114650e-22
3.32976894e-22
3.33074831e-22
3.33406962e-22
3.33965095e-22
3.34733247e-22
3.35686952e-22
3.36792897e-22
3.38009244e-22
3.39286420e-22
3.40568631e-22
3.41796123e-22
3.42907824e-22
3.43844496e-22
3.44552087e-22
3.44984849e-22
3.45108175e-22
3.44900649e-22
3.44355289e-22
3.43479698e-22
3.42295256e-22
3.40835237e-22
3.39142320e-22
3.37265566e-22
3.35257057e-22
3.33168921e-22
3.31050402e-22
3.28945786e-22
3.26892837e-22
3.24922059e-22
3.23056251e-22
3.21311345e-22
3.19696923e-22
3.18217556e-22
3.16873966e-22
3.15664483e-22
3.14586339e-22
3.13636808e-22
3.12814373e-22
3.12119544e-22
3.11555620e-22
