# Generated by CAESAR Pro Ultimate
# Gas: O4
# Math: Dynamic-ILS-Applied
-1.80807587e-48
-1.80317133e-48
-1.79826689e-48
-1.79336264e-48
-1.78845850e-48
-1.78355445e-48
-1.77865060e-48
-1.77374685e-48
-1.76884329e-48
-1.76393984e-48
-1.75903648e-48
-1.75413332e-48
-1.74923026e-48
-1.74432729e-48
-1.73942453e-48
-1.73452196e-48
-1.72961939e-48
-1.72471702e-48
-1.71981484e-48
-1.71491277e-48
-1.71001079e-48
-1.70510901e-48
-1.70020733e-48
-1.69530574e-48
-1.69040436e-48
-1.68550307e-48
-1.68060188e-48
-1.67570089e-48
-1.67080009e-48
-1.66589930e-48
-1.66099880e-48
-1.65609830e-48
-1.65119800e-48
-1.64629779e-48
-1.64139779e-48
-1.63649788e-48
-1.63159807e-48
-1.62669846e-48
-1.62179894e-48
-1.61689962e-48
-1.61200041e-48
-1.60710129e-48
-1.60220236e-48
-1.59730354e-48
-1.59240491e-48
-1.58750638e-48
-1.58260795e-48
-1.57770972e-48
-1.57281159e-48
-1.56791355e-48
-1.56301571e-48
-1.55811797e-48
-1.55322043e-48
-1.54832298e-48
-1.54342574e-48
-1.53852849e-48
-1.53363154e-48
-1.52873459e-48
-1.52383783e-48
-1.51894127e-48
-1.51404472e-48
-1.50914836e-48
-1.50425219e-48
-1.49935613e-48
-1.49446016e-48
-1.48956439e-48
-1.48466872e-48
-1.47977315e-48
-1.47487777e-48
-1.46998260e-48
-1.46508742e-48
-1.46019244e-48
-1.45529765e-48
-1.45040287e-48
-1.44550838e-48
-1.44061389e-48
-1.43571960e-48
-1.43082551e-48
-1.42593142e-48
-1.42103752e-48
-1.41614382e-48
-1.41125022e-48
-1.40635672e-48
-1.40146341e-48
-1.39657020e-48
-1.39167709e-48
-1.38678418e-48
-1.38189147e-48
-1.37699876e-48
-1.37210624e-48
-1.36721392e-48
-1.36232160e-48
-1.35742957e-48
-1.35253755e-48
-1.34764572e-48
-1.34275399e-48
-1.33786246e-48
-1.33297103e-48
-1.32807979e-48
-1.32318866e-48
-1.31829762e-48
-1.31340677e-48
-1.30851603e-48
-1.30362539e-48
-1.29873494e-48
-1.29384459e-48
-1.28895444e-48
-1.28406438e-48
-1.27917443e-48
-1.27428467e-48
-1.26939501e-48
-1.26450555e-48
-1.25961619e-48
-1.25472692e-48
-1.24983785e-48
-1.24494889e-48
-1.24006001e-48
-1.23517134e-48
-1.23028286e-48
-1.22539439e-48
-1.22050611e-48
-1.21561803e-48
-1.21073004e-48
-1.20584216e-48
-1.20095437e-48
-1.19606678e-48
-1.19117939e-48
-1.18629209e-48
-1.18140490e-48
-1.17651780e-48
-1.17163090e-48
-1.16674420e-48
-1.16185750e-48
-1.15697099e-48
-1.15208468e-48
-1.14719847e-48
-1.14231236e-48
-1.13742645e-48
-1.13254063e-48
-1.12765491e-48
-1.12276939e-48
-1.11788397e-48
-1.11299875e-48
-1.10811362e-48
-1.10322859e-48
-1.09834376e-48
-1.09345903e-48
-1.08857450e-48
-1.08369006e-48
-1.07880572e-48
-1.07392158e-48
-1.06903754e-48
-1.06415360e-48
-1.05926985e-48
-1.05438620e-48
-1.04950275e-48
-1.04461940e-48
-1.03973615e-48
-1.03485309e-48
-1.02997013e-48
-1.02508737e-48
-1.02020471e-48
-1.01532214e-48
-1.01043978e-48
-1.00555751e-48
-1.00067544e-48
-9.95793466e-49
-9.90911592e-49
-9.86029915e-49
-9.81148337e-49
-9.76266857e-49
-9.71385574e-49
-9.66504390e-49
-9.61623403e-49
-9.56742515e-49
-9.51861725e-49
-9.46981132e-49
-9.42100638e-49
-9.37220341e-49
-9.32340142e-49
-9.27460042e-49
-9.22580139e-49
-9.17700335e-49
-9.12820728e-49
-9.07941219e-49
-9.03061809e-49
-8.98182596e-49
-8.93303481e-49
-8.88424465e-49
-8.83545646e-49
-8.78666926e-49
-8.73788402e-49
-8.68909978e-49
-8.64031652e-49
-8.59153522e-49
-8.54275492e-49
-8.49397659e-49
-8.44519924e-49
-8.39642287e-49
-8.34764848e-49
-8.29887507e-49
-8.25010265e-49
-8.20133220e-49
-8.15256372e-49
-8.10379524e-49
-8.05502873e-49
-8.00626420e-49
-7.95750064e-49
-7.90873808e-49
-7.85997650e-49
-7.81121689e-49
-7.76245925e-49
-7.71370259e-49
-7.66494692e-49
-7.61619224e-49
-7.56743953e-49
-7.51868879e-49
-7.46993805e-49
-7.42118928e-49
-7.37244248e-49
-7.32369667e-49
-7.27495184e-49
-7.22620898e-49
-7.17746711e-49
-7.12872622e-49
-7.07998731e-49
-7.03124938e-49
-6.98251342e-49
-6.93377845e-49
-6.88504446e-49
-6.83631244e-49
-6.78758141e-49
-6.73885235e-49
-6.69012428e-49
-6.64139719e-49
-6.59267207e-49
-6.54394794e-49
-6.49522479e-49
-6.44650361e-49
-6.39778342e-49
-6.34906520e-49
-6.30034797e-49
-6.25163270e-49
-6.20291744e-49
-6.15420513e-49
-6.10549282e-49
-6.05678249e-49
-6.00807412e-49
-5.95936576e-49
-5.91065936e-49
-5.86195494e-49
-5.81325150e-49
-5.76454905e-49
-5.71584857e-49
-5.66714907e-49
-5.61845155e-49
-5.56975402e-49
-5.52105945e-49
-5.47236489e-49
-5.42367229e-49
-5.37498166e-49
-5.32629202e-49
-5.27760337e-49
-5.22891570e-49
-5.18023000e-49
-5.13154627e-49
-5.08286254e-49
-5.03418177e-49
-4.98550100e-49
-4.93682220e-49
-4.88814438e-49
-4.83946854e-49
-4.79079368e-49
-4.74212079e-49
-4.69344790e-49
-4.64477797e-49
-4.59610804e-49
-4.54744008e-49
-4.49877409e-49
-4.45010908e-49
-4.40144507e-49
-4.35278203e-49
-4.30412097e-49
-4.25546188e-49
-4.20680279e-49
-4.15814567e-49
-4.10949052e-49
-4.06083635e-49
-4.01218318e-49
-3.96353197e-49
-3.91488175e-49
-3.86623251e-49
-3.81758525e-49
-3.76893897e-49
-3.72029466e-49
-3.67165133e-49
-3.62300899e-49
-3.57436863e-49
-3.52572925e-49
-3.47709184e-49
-3.42845541e-49
-3.37981997e-49
-3.33118650e-49
-3.28255402e-49
-3.23392351e-49
-3.18529398e-49
-3.13666544e-49
-3.08803788e-49
-3.03941328e-49
-2.99078868e-49
-2.94216606e-49
-2.89354441e-49
-2.84492474e-49
-2.79630605e-49
-2.74768835e-49
-2.69907262e-49
-2.65045788e-49
-2.60184511e-49
-2.55323233e-49
-2.50462251e-49
-2.45601368e-49
-2.40740584e-49
-2.35879898e-49
-2.31019409e-49
-2.26159018e-49
-2.21298825e-49
-2.16438730e-49
-2.11578734e-49
-2.06718935e-49
-2.01859234e-49
-1.96999731e-49
-1.92140326e-49
-1.87281019e-49
-1.82421910e-49
-1.77562899e-49
-1.72704086e-49
-1.67845370e-49
-1.62986754e-49
-1.58128334e-49
-1.53270014e-49
-1.48411791e-49
-1.43553766e-49
-1.38695938e-49
-1.33838110e-49
-1.28980478e-49
-1.24123044e-49
-1.19265709e-49
-1.14408472e-49
-1.09551334e-49
-1.04694393e-49
-9.98376484e-50
-9.49809042e-50
-9.01244557e-50
-8.52680072e-50
-8.04117558e-50
-7.55556030e-50
-7.06996472e-50
-6.58437900e-50
-6.09881299e-50
-5.61324697e-50
-5.12771053e-50
-4.64217408e-50
-4.15665734e-50
-3.67116031e-50
-3.18567314e-50
-2.70019582e-50
-2.21472836e-50
-1.72928060e-50
-1.24385256e-50
-7.58424514e-51
-2.73026033e-51
2.12372447e-51
6.97751218e-51
1.18312013e-50
1.66846934e-50
2.15380869e-50
2.63912833e-50
3.12444797e-50
3.60973805e-50
4.09502813e-50
4.58029850e-50
5.06554916e-50
5.55079981e-50
6.03602091e-50
6.52124200e-50
7.00644339e-50
7.49162506e-50
7.97680673e-50
8.46196870e-50
8.94711095e-50
9.43224336e-50
9.91736590e-50
1.04024687e-49
1.08875617e-49
1.13726448e-49
1.18577083e-49
1.23427618e-49
1.28277957e-49
1.33128197e-49
1.37978338e-49
1.42828282e-49
1.47678128e-49
1.52527777e-49
1.57377327e-49
1.62226779e-49
1.67076033e-49
1.71925189e-49
1.76774247e-49
1.81623107e-49
1.86471770e-49
1.91320433e-49
1.96168899e-49
2.01017168e-49
2.05865339e-49
2.10713411e-49
2.15561384e-49
2.20409160e-49
2.25256740e-49
2.30104220e-49
2.34951602e-49
2.39798886e-49
2.44645972e-49
2.49492862e-49
2.54339751e-49
2.59186443e-49
2.64032938e-49
2.68879335e-49
2.73725633e-49
2.78571734e-49
2.83417736e-49
2.88263640e-49
2.93109347e-49
2.97954955e-49
3.02800366e-49
3.07645679e-49
3.12490893e-49
3.17335910e-49
3.22180828e-49
3.27025550e-49
3.31870172e-49
3.36714696e-49
3.41559024e-49
3.46403252e-49
3.51247382e-49
3.56091315e-49
3.60935149e-49
3.65778787e-49
3.70622325e-49
3.75465765e-49
3.80309009e-49
3.85152153e-49
3.89995100e-49
3.94837949e-49
3.99680700e-49
4.04523253e-49
4.09365708e-49
4.14207965e-49
4.19050124e-49
4.23892185e-49
4.28734048e-49
4.33575813e-49
4.38417479e-49
4.43258948e-49
4.48100319e-49
4.52941493e-49
4.57782568e-49
4.62623544e-49
4.67464323e-49
4.72305004e-49
4.77145488e-49
4.81985873e-49
4.86826160e-49
4.91666249e-49
4.96506240e-49
5.01346034e-49
5.06185729e-49
5.11025326e-49
5.15864726e-49
5.20704027e-49
5.25543230e-49
5.30382235e-49
5.35221142e-49
5.40059852e-49
5.44898463e-49
5.49736976e-49
5.54575292e-49
5.59413509e-49
5.64251529e-49
5.69089450e-49
5.73927273e-49
5.78764899e-49
5.83602426e-49
5.88439855e-49
5.93277087e-49
5.98114121e-49
6.02951156e-49
6.07787993e-49
6.12624634e-49
6.17461175e-49
6.22297619e-49
6.27133963e-49
6.31970111e-49
6.36806061e-49
6.41641913e-49
6.46477667e-49
6.51313322e-49
6.56148779e-49
6.60984040e-49
6.65819301e-49
6.70654364e-49
6.75489231e-49
6.80323999e-49
6.85158668e-49
6.89993141e-49
6.94827516e-49
6.99661793e-49
7.04495876e-49
7.09329868e-49
7.14163680e-49
7.18997430e-49
7.23831164e-49
7.28664876e-49
7.33498856e-49
7.38333391e-49
7.43169330e-49
7.48008108e-49
7.52852300e-49
7.57706867e-49
7.62580436e-49
7.67487839e-49
7.72454375e-49
7.77521411e-49
7.82755553e-49
7.88260596e-49
7.94194870e-49
8.00792117e-49
8.08389956e-49
8.17460176e-49
8.28644409e-49
8.42789144e-49
8.60973869e-49
8.84530872e-49
9.15045100e-49
9.54326088e-49
1.00434604e-48
1.06714317e-48
1.14468087e-48
1.23867453e-48
1.35040086e-48
1.48050512e-48
1.62880708e-48
1.79418045e-48
1.97448522e-48
2.16657853e-48
2.36642920e-48
2.56931658e-48
2.77011835e-48
2.96364394e-48
3.14495643e-48
3.30972358e-48
3.45448414e-48
3.57683173e-48
3.67551039e-48
3.75041360e-48
3.80247757e-48
3.83351062e-48
3.84597407e-48
3.84273802e-48
3.82684466e-48
3.80129796e-48
3.76888976e-48
3.73207934e-48
3.69290680e-48
3.65296268e-48
3.61337627e-48
3.57483779e-48
3.53762943e-48
3.50167352e-48
3.46658229e-48
3.43172051e-48
3.39627390e-48
3.35932405e-48
3.31993476e-48
3.27723980e-48
3.23052420e-48
3.17929925e-48
3.12334777e-48
3.06274597e-48
2.99784769e-48
2.92922929e-48
2.85761467e-48
2.78377120e-48
2.70841150e-48
2.63210264e-48
2.55519580e-48
2.47780210e-48
2.39979392e-48
2.32086477e-48
2.24058911e-48
2.15853613e-48
2.07435902e-48
1.98788707e-48
1.89919742e-48
1.80865223e-48
1.71689381e-48
1.62481459e-48
1.53348982e-48
1.44408102e-48
1.35773788e-48
1.27549369e-48
1.19816887e-48
1.12629904e-48
1.06010400e-48
9.99464333e-49
9.43962591e-49
8.92928275e-49
8.45520969e-49
8.00814829e-49
7.57890742e-49
7.15915011e-49
6.74197023e-49
6.32228890e-49
5.89692602e-49
5.46449857e-49
5.02511482e-49
4.57993615e-49
4.13077759e-49
3.67968527e-49
3.22868043e-49
2.77960606e-49
2.33407388e-49
1.89356741e-49
1.45957200e-49
1.03368060e-49
6.17713842e-50
2.13685722e-50
-1.76261852e-50
-5.50090774e-50
-9.06057430e-50
-1.24306322e-49
-1.56080152e-49
-1.85994652e-49
-2.14216058e-49
-2.40992939e-49
-2.66633871e-49
-2.91471327e-49
-3.15821315e-49
-3.39946211e-49
-3.64026857e-49
-3.88143780e-49
-4.12273961e-49
-4.36302114e-49
-4.60042147e-49
-4.83261496e-49
-5.05712592e-49
-5.27157798e-49
-5.47384524e-49
-5.66219554e-49
-5.83525543e-49
-5.99198310e-49
-6.13157030e-49
-6.25332389e-49
-6.35660837e-49
-6.44081141e-49
-6.50536856e-49
-6.54985106e-49
-6.57409823e-49
-6.57836398e-49
-6.56346218e-49
-6.53087322e-49
-6.48279114e-49
-6.42208782e-49
-6.35219519e-49
-6.27690377e-49
-6.20008926e-49
-6.12540999e-49
-6.05598647e-49
-5.99412274e-49
-5.94108849e-49
-5.89699346e-49
-5.86078295e-49
-5.83034349e-49
-5.80272301e-49
-5.77443263e-49
-5.74179700e-49
-5.70131617e-49
-5.64999237e-49
-5.58558164e-49
-5.50675366e-49
-5.41312931e-49
-5.30521704e-49
-5.18425251e-49
-5.05196303e-49
-4.91031744e-49
-4.76125890e-49
-4.60649119e-49
-4.44731394e-49
-4.28451529e-49
-4.11835208e-49
-3.94858018e-49
-3.77451907e-49
-3.59516934e-49
-3.40931579e-49
-3.21566237e-49
-3.01292932e-49
-2.79999615e-49
-2.57595863e-49
-2.34027134e-49
-2.09280091e-49
-1.83388962e-49
-1.56443243e-49
-1.28582221e-49
-9.99970483e-50
-7.09176621e-50
-4.16026369e-50
-1.23203724e-50
1.66667820e-50
4.51230137e-50
7.28530894e-50
9.97142038e-50
1.25624112e-49
1.50559376e-49
1.74550867e-49
1.97680094e-49
2.20058934e-49
2.41820429e-49
2.63104648e-49
2.84048006e-49
3.04776661e-49
3.25400511e-49
3.46011505e-49
3.66685222e-49
3.87483729e-49
4.08456354e-49
4.29645816e-49
4.51091187e-49
4.72829985e-49
4.94900623e-49
5.17345846e-49
5.40213143e-49
5.63556147e-49
5.87437129e-49
6.11925601e-49
6.37100086e-49
6.63045608e-49
6.89851669e-49
7.17611163e-49
7.46414921e-49
7.76351169e-49
8.07497448e-49
8.39924729e-49
8.73687780e-49
9.08832029e-49
9.45385604e-49
9.83365120e-49
1.02277248e-48
1.06359859e-48
1.10582173e-48
1.14940805e-48
1.19431526e-48
1.24049033e-48
1.28787510e-48
1.33640616e-48
1.38601814e-48
1.43665067e-48
1.48824975e-48
1.54077177e-48
1.59418930e-48
1.64849492e-48
1.70369575e-48
1.75981973e-48
1.81691261e-48
1.87503219e-48
1.93424369e-48
1.99461833e-48
2.05622477e-48
2.11912464e-48
2.18337343e-48
2.24901513e-48
2.31608232e-48
2.38460055e-48
2.45459119e-48
2.52607173e-48
2.59906007e-48
2.67357499e-48
2.74964150e-48
2.82728430e-48
2.90653257e-48
2.98741339e-48
3.06995013e-48
3.15416528e-48
3.24008352e-48
3.32772396e-48
3.41711467e-48
3.50829781e-48
3.60132087e-48
3.69626041e-48
3.79320177e-48
3.89225252e-48
3.99352779e-48
4.09715156e-48
4.20324027e-48
4.31190326e-48
4.42322936e-48
4.53728409e-48
4.65410228e-48
4.77370491e-48
4.89607727e-48
5.02119201e-48
5.14900107e-48
5.27945059e-48
5.41247732e-48
5.54801221e-48
5.68599209e-48
5.82635468e-48
5.96904183e-48
6.11400917e-48
6.26123379e-48
6.41069789e-48
6.56242692e-48
6.71646020e-48
6.87287856e-48
7.03178961e-48
7.19333902e-48
7.35769624e-48
7.52504677e-48
7.69559220e-48
7.86952438e-48
8.04702651e-48
8.22824993e-48
8.41330295e-48
8.60225412e-48
8.79511279e-48
8.99184460e-48
9.19236395e-48
9.39654154e-48
9.60422760e-48
9.81525175e-48
1.00294353e-47
1.02466161e-47
1.04666408e-47
1.06893902e-47
1.09147699e-47
1.11427118e-47
1.13731876e-47
1.16061866e-47
1.18417311e-47
1.20798570e-47
1.23206089e-47
1.25640495e-47
1.28102358e-47
1.30592353e-47
1.33111075e-47
1.35659005e-47
1.38236643e-47
1.40844327e-47
1.43482209e-47
1.46150396e-47
1.48848718e-47
1.51576929e-47
1.54334538e-47
1.57120792e-47
1.59934852e-47
1.62775570e-47
1.65641736e-47
1.68531927e-47
1.71444547e-47
1.74378066e-47
1.77330849e-47
1.80301556e-47
1.83288758e-47
1.86291730e-47
1.89309895e-47
1.92343362e-47
1.95392954e-47
1.98460134e-47
2.01547013e-47
2.04656490e-47
2.07791966e-47
2.10957199e-47
2.14156320e-47
2.17393376e-47
2.20672481e-47
2.23997121e-47
2.27370718e-47
2.30796125e-47
2.34275787e-47
2.37811767e-47
2.41406127e-47
2.45060833e-47
2.48778266e-47
2.52561128e-47
2.56412999e-47
2.60337828e-47
2.64340861e-47
2.68427746e-47
2.72605015e-47
2.76879970e-47
2.81259888e-47
2.85752805e-47
2.90366319e-47
2.95108129e-47
2.99985381e-47
3.05004909e-47
3.10172697e-47
3.15494175e-47
3.20973800e-47
3.26615053e-47
3.32420068e-47
3.38390333e-47
3.44525320e-47
3.50823249e-47
3.57280232e-47
3.63890538e-47
3.70645943e-47
3.77535456e-47
3.84545518e-47
3.91659396e-47
3.98857060e-47
4.06115430e-47
4.13408586e-47
4.20707005e-47
4.27978698e-47
4.35189380e-47
4.42302578e-47
4.49280109e-47
4.56083049e-47
4.62671869e-47
4.69007065e-47
4.75050172e-47
4.80763874e-47
4.86113101e-47
4.91065239e-47
4.95590686e-47
4.99663593e-47
5.03261860e-47
5.06367796e-47
5.08967737e-47
5.11052769e-47
5.12618016e-47
5.13662985e-47
5.14190907e-47
5.14208626e-47
5.13726098e-47
5.12755955e-47
5.11313037e-47
5.09413984e-47
5.07076673e-47
5.04319966e-47
5.01163156e-47
4.97625818e-47
4.93727605e-47
4.89487841e-47
4.84925646e-47
4.80059923e-47
4.74909183e-47
4.69491450e-47
4.63824996e-47
4.57927771e-47
4.51817545e-47
4.45512181e-47
4.39029651e-47
4.32387589e-47
4.25603600e-47
4.18695162e-47
4.11679070e-47
4.04571876e-47
3.97389199e-47
3.90146066e-47
3.82856855e-47
3.75534811e-47
3.68192480e-47
3.60841715e-47
3.53493233e-47
3.46157228e-47
3.38842768e-47
3.31558407e-47
3.24311429e-47
3.17109055e-47
3.09956828e-47
3.02860291e-47
2.95824015e-47
2.88851850e-47
2.81947324e-47
2.75113610e-47
2.68353780e-47
2.61670622e-47
2.55066575e-47
2.48544598e-47
2.42107349e-47
2.35757315e-47
2.29497042e-47
2.23329079e-47
2.17255545e-47
2.11278474e-47
2.05399777e-47
1.99620856e-47
1.93943083e-47
1.88367330e-47
1.82894333e-47
1.77524704e-47
1.72258607e-47
1.67096228e-47
1.62037359e-47
1.57081748e-47
1.52229114e-47
1.47478872e-47
1.42830471e-47
1.38283405e-47
1.33836958e-47
1.29490602e-47
1.25243639e-47
1.21095573e-47
1.17045670e-47
1.13093630e-47
1.09238658e-47
1.05480343e-47
1.01817990e-47
9.82509865e-48
9.47784747e-48
9.13996199e-48
8.81133042e-48
8.49183248e-48
8.18133751e-48
7.87968470e-48
7.58670297e-48
7.30221083e-48
7.02600558e-48
6.75786057e-48
6.49756119e-48
6.24487396e-48
5.99955220e-48
5.76137616e-48
5.53010280e-48
5.30552592e-48
5.08744677e-48
4.87567986e-48
4.67008232e-48
4.47052806e-48
4.27691174e-48
4.08915364e-48
3.90719352e-48
3.73097243e-48
3.56043680e-48
3.39553071e-48
3.23618291e-48
3.08230040e-48
2.93378632e-48
2.79052154e-48
2.65236952e-48
2.51920185e-48
2.39087362e-48
2.26726069e-48
2.14824603e-48
2.03372460e-48
1.92361928e-48
1.81786502e-48
1.71640815e-48
1.61920494e-48
1.52621390e-48
1.43738220e-48
1.35264434e-48
1.27191585e-48
1.19508450e-48
1.12201594e-48
1.05254908e-48
9.86505294e-49
9.23694580e-49
8.63919683e-49
8.06989802e-49
7.52723708e-49
7.00960228e-49
6.51562828e-49
6.04419016e-49
5.59444496e-49
5.16577060e-49
4.75775553e-49
4.37013824e-49
4.00276803e-49
3.65550154e-49
3.32823799e-49
3.02083202e-49
2.73311602e-49
2.46487595e-49
2.21588246e-49
1.98590785e-49
1.77473221e-49
1.58218031e-49
1.40811178e-49
1.25245283e-49
1.11515149e-49
9.96183875e-50
8.95518154e-50
8.13080581e-50
7.48710393e-50
7.02126121e-50
6.72883024e-50
6.60347658e-50
6.63679898e-50
6.81834907e-50
7.13587564e-50
7.57584685e-50
8.12422040e-50
8.76747763e-50
9.49392723e-50
1.02950580e-49
1.11670405e-49
1.21120345e-49
1.31393098e-49
1.42660787e-49
1.55177206e-49
1.69274550e-49
1.85353793e-49
2.03867437e-49
2.25291127e-49
2.50090957e-49
2.78680528e-49
3.11369837e-49
3.48310569e-49
3.89438591e-49
4.34422270e-49
4.82620164e-49
5.33046451e-49
5.84377348e-49
6.34963637e-49
6.82894677e-49
7.26080978e-49
7.62374253e-49
7.89701110e-49
8.06213500e-49
8.10429524e-49
8.01363294e-49
7.78619441e-49
7.42448355e-49
6.93750695e-49
6.34035020e-49
5.65327035e-49
4.90042748e-49
4.10831276e-49
3.30407568e-49
2.51403447e-49
1.76206905e-49
1.06866740e-49
4.50027324e-50
-8.22512161e-51
-5.21225568e-50
-8.64255395e-50
-1.11248973e-49
-1.27011310e-49
-1.34362620e-49
-1.34104424e-49
-1.27122821e-49
-1.14328073e-49
-9.66091918e-50
-7.47944180e-50
-4.96277637e-50
-2.17461152e-50
8.33704728e-51
4.02403058e-50
7.37273654e-50
1.08712438e-49
1.45258942e-49
1.83571232e-49
2.23978073e-49
2.66898887e-49
3.12799059e-49
3.62136960e-49
4.15296796e-49
4.72527713e-49
5.33881210e-49
5.99164349e-49
6.67917334e-49
7.39406418e-49
8.12654591e-49
8.86487538e-49
9.59604534e-49
1.03066755e-48
1.09838448e-48
1.16160133e-48
1.21936457e-48
1.27099056e-48
1.31608681e-48
1.35457410e-48
1.38667968e-48
1.41291598e-48
1.43405144e-48
1.45107633e-48
1.46516337e-48
1.47762991e-48
1.48990087e-48
1.50346985e-48
1.51985971e-48
1.54058132e-48
1.56709023e-48
1.60073627e-48
1.64272298e-48
1.69405480e-48
1.75550204e-48
1.82756117e-48
1.91043307e-48
2.00400098e-48
2.10781971e-48
2.22112052e-48
2.34280891e-48
2.47148865e-48
2.60547869e-48
2.74284814e-48
2.88147435e-48
3.01909670e-48
3.15340897e-48
3.28214585e-48
3.40318811e-48
3.51467780e-48
3.61511117e-48
3.70342459e-48
3.77905951e-48
3.84198168e-48
3.89267723e-48
3.93210038e-48
3.96159860e-48
3.98280268e-48
3.99751472e-48
4.00758244e-48
4.01479169e-48
4.02077455e-48
4.02694664e-48
4.03447410e-48
4.04427228e-48
4.05702986e-48
4.07325275e-48
4.09331985e-48
4.11753846e-48
4.14619285e-48
4.17958071e-48
4.21802740e-48
4.26188596e-48
4.31151408e-48
4.36724683e-48
4.42934979e-48
4.49799577e-48
4.57322269e-48
4.65492958e-48
4.74287012e-48
4.83667636e-48
4.93588096e-48
5.03996262e-48
5.14837955e-48
5.26060478e-48
5.37616050e-48
5.49462778e-48
5.61565174e-48
5.73894532e-48
5.86426922e-48
5.99142966e-48
6.12025861e-48
6.25060377e-48
6.38232943e-48
6.51529958e-48
6.64938200e-48
6.78443012e-48
6.92026845e-48
7.05668185e-48
7.19338192e-48
7.32999872e-48
7.46603972e-48
7.60091153e-48
7.73389199e-48
7.86416935e-48
7.99087539e-48
8.11313246e-48
8.23011979e-48
8.34115569e-48
8.44576780e-48
8.54376802e-48
8.63532289e-48
8.72099290e-48
8.80176721e-48
8.87904887e-48
8.95464183e-48
9.03067978e-48
9.10954233e-48
9.19374190e-48
9.28579944e-48
9.38809791e-48
9.50274993e-48
9.63146106e-48
9.77541660e-48
9.93520307e-48
1.01107651e-47
1.03013755e-47
1.05056929e-47
1.07218167e-47
1.09474136e-47
1.11798371e-47
1.14163022e-47
1.16540327e-47
1.18904182e-47
1.21231676e-47
1.23504020e-47
1.25707570e-47
1.27833861e-47
1.29880138e-47
1.31848558e-47
1.33745907e-47
1.35582761e-47
1.37372497e-47
1.39130395e-47
1.40872687e-47
1.42615791e-47
1.44375576e-47
1.46166681e-47
1.48002038e-47
1.49892446e-47
1.51846386e-47
1.53869664e-47
1.55965460e-47
1.58134146e-47
1.60373539e-47
1.62678951e-47
1.65043511e-47
1.67458440e-47
1.69913865e-47
1.72398848e-47
1.74902383e-47
1.77413763e-47
1.79923493e-47
1.82423499e-47
1.84908269e-47
1.87375025e-47
1.89824285e-47
1.92260137e-47
1.94690561e-47
1.97127203e-47
1.99585341e-47
2.02083228e-47
2.04641620e-47
2.07282736e-47
2.10029265e-47
2.12903141e-47
2.15924442e-47
2.19110226e-47
2.22473348e-47
2.26021672e-47
2.29757437e-47
2.33677210e-47
2.37772112e-47
2.42028278e-47
2.46427912e-47
2.50950478e-47
2.55574446e-47
2.60278422e-47
2.65042931e-47
2.69851177e-47
2.74690355e-47
2.79551244e-47
2.84429306e-47
2.89323207e-47
2.94234883e-47
2.99168759e-47
3.04130221e-47
3.09126017e-47
3.14162563e-47
3.19246410e-47
3.24383548e-47
3.29579829e-47
3.34840628e-47
3.40171405e-47
3.45577491e-47
3.51064125e-47
3.56636770e-47
3.62300661e-47
3.68060633e-47
3.73921274e-47
3.79886251e-47
3.85958619e-47
3.92140337e-47
3.98432208e-47
4.04834312e-47
4.11345625e-47
4.17964808e-47
4.24690165e-47
4.31520089e-47
4.38454020e-47
4.45492580e-47
4.52638081e-47
4.59895398e-47
4.67271620e-47
4.74776670e-47
4.82422427e-47
4.90222980e-47
4.98192534e-47
5.06346233e-47
5.14697268e-47
5.23257002e-47
5.32034131e-47
5.41032779e-47
5.50254257e-47
5.59695128e-47
5.69349239e-47
5.79207603e-47
5.89260325e-47
5.99497031e-47
6.09908984e-47
6.20489592e-47
6.31235522e-47
6.42147038e-47
6.53228630e-47
6.64488797e-47
6.75938981e-47
6.87592618e-47
6.99464981e-47
7.11569954e-47
7.23921287e-47
7.36529754e-47
7.49402770e-47
7.62543523e-47
7.75951268e-47
7.89621731e-47
8.03545812e-47
8.17711959e-47
8.32106812e-47
8.46715652e-47
8.61523465e-47
8.76516957e-47
8.91684623e-47
9.07017559e-47
9.22511057e-47
9.38163690e-47
9.53978702e-47
9.69962830e-47
9.86125794e-47
1.00248055e-46
1.01904131e-46
1.03582238e-46
1.05283805e-46
1.07010002e-46
1.08761775e-46
1.10539629e-46
1.12343723e-46
1.14173745e-46
1.16028975e-46
1.17908312e-46
1.19810439e-46
1.21733944e-46
1.23677367e-46
1.25639361e-46
1.27618762e-46
1.29614756e-46
1.31626976e-46
1.33655226e-46
1.35699926e-46
1.37761599e-46
1.39841146e-46
1.41939549e-46
1.44057959e-46
1.46197491e-46
1.48359154e-46
1.50543889e-46
1.52752577e-46
1.54985739e-46
1.57243785e-46
1.59527000e-46
1.61835190e-46
1.64168180e-46
1.66525262e-46
1.68905559e-46
1.71307765e-46
1.73730342e-46
1.76171340e-46
1.78628638e-46
1.81099854e-46
1.83582427e-46
1.86073868e-46
1.88571705e-46
1.91073583e-46
1.93577507e-46
1.96081703e-46
1.98584878e-46
2.01086083e-46
2.03584725e-46
2.06080707e-46
2.08574202e-46
2.11065881e-46
2.13556469e-46
2.16047241e-46
2.18539627e-46
2.21035292e-46
2.23536051e-46
2.26043993e-46
2.28561219e-46
2.31090008e-46
2.33632592e-46
2.36191106e-46
2.38767697e-46
2.41364275e-46
2.43982730e-46
2.46624782e-46
2.49292033e-46
2.51986206e-46
2.54709018e-46
2.57462505e-46
2.60248954e-46
2.63070980e-46
2.65931769e-46
2.68834937e-46
2.71784525e-46
2.74785092e-46
2.77841731e-46
2.80959609e-46
2.84144254e-46
2.87401467e-46
2.90736746e-46
2.94155943e-46
2.97664406e-46
3.01267391e-46
3.04970012e-46
3.08776725e-46
3.12691743e-46
3.16718947e-46
3.20861716e-46
3.25122922e-46
3.29505211e-46
3.34010781e-46
3.38641414e-46
3.43398717e-46
3.48284308e-46
3.53299269e-46
3.58444821e-46
3.63722416e-46
3.69133019e-46
3.74678379e-46
3.80359809e-46
3.86178974e-46
3.92137880e-46
3.98238056e-46
4.04481171e-46
4.10868779e-46
4.17401875e-46
4.24080665e-46
4.30904761e-46
4.37872540e-46
4.44980899e-46
4.52225502e-46
4.59600007e-46
4.67096537e-46
4.74705125e-46
4.82413646e-46
4.90208290e-46
4.98072933e-46
5.05989845e-46
5.13939269e-46
5.21899512e-46
5.29847555e-46
5.37758516e-46
5.45606462e-46
5.53364082e-46
5.61003059e-46
5.68494007e-46
5.75807861e-46
5.82914634e-46
5.89785036e-46
5.96390123e-46
6.02702288e-46
6.08695246e-46
6.14344462e-46
6.19627865e-46
6.24525674e-46
6.29021068e-46
6.33100013e-46
6.36751383e-46
6.39967204e-46
6.42742348e-46
6.45074482e-46
6.46964085e-46
6.48414102e-46
6.49429934e-46
6.50019158e-46
6.50191395e-46
6.49958155e-46
6.49332583e-46
6.48329320e-46
6.46964225e-46
6.45254034e-46
6.43216272e-46
6.40868761e-46
6.38229279e-46
6.35315340e-46
6.32143913e-46
6.28730966e-46
6.25091517e-46
6.21239126e-46
6.17186456e-46
6.12944387e-46
6.08523011e-46
6.03931170e-46
5.99176685e-46
5.94266738e-46
5.89207963e-46
5.84006718e-46
5.78669004e-46
5.73200546e-46
5.67607061e-46
5.61894172e-46
5.56067519e-46
5.50132368e-46
5.44094081e-46
5.37957603e-46
5.31727987e-46
5.25409920e-46
5.19008178e-46
5.12527594e-46
5.05973441e-46
4.99350564e-46
4.92664856e-46
4.85922208e-46
4.79129230e-46
4.72292519e-46
4.65419743e-46
4.58518088e-46
4.51595133e-46
4.44658399e-46
4.37715341e-46
4.30772752e-46
4.23837223e-46
4.16914454e-46
4.10009780e-46
4.03127562e-46
3.96271631e-46
3.89445185e-46
3.82650993e-46
3.75891189e-46
3.69167368e-46
3.62480967e-46
3.55833222e-46
3.49225393e-46
3.42658574e-46
3.36133634e-46
3.29652242e-46
3.23215407e-46
3.16825014e-46
3.10482760e-46
3.04190830e-46
2.97951356e-46
2.91766929e-46
2.85639912e-46
2.79573447e-46
2.73569991e-46
2.67632681e-46
2.61764397e-46
2.55967723e-46
2.50245760e-46
2.44600739e-46
2.39035313e-46
2.33551552e-46
2.28151509e-46
2.22836725e-46
2.17608673e-46
2.12468300e-46
2.07416362e-46
2.02453429e-46
1.97579590e-46
1.92794793e-46
1.88098864e-46
1.83491237e-46
1.78971374e-46
1.74538398e-46
1.70191400e-46
1.65929444e-46
1.61751306e-46
1.57655840e-46
1.53641636e-46
1.49707293e-46
1.45851425e-46
1.42072430e-46
1.38368759e-46
1.34738932e-46
1.31181327e-46
1.27694511e-46
1.24276960e-46
1.20927370e-46
1.17644319e-46
1.14426834e-46
1.11273650e-46
1.08183961e-46
1.05156959e-46
1.02191851e-46
9.92882417e-47
9.64457498e-47
9.36640795e-47
9.09431276e-47
8.82829599e-47
8.56836167e-47
8.31453025e-47
8.06680757e-47
7.82522251e-47
7.58976532e-47
7.36043942e-47
7.13722164e-47
6.92006443e-47
6.70890258e-47
6.50364644e-47
6.30418517e-47
6.11037828e-47
5.92205758e-47
5.73903783e-47
5.56111624e-47
5.38808104e-47
5.21970654e-47
5.05577474e-47
4.89606857e-47
4.74039344e-47
4.58857112e-47
4.44045624e-47
4.29593813e-47
4.15494716e-47
4.01745017e-47
3.88345001e-47
3.75298834e-47
3.62613745e-47
3.50299562e-47
3.38367289e-47
3.26828134e-47
3.15692921e-47
3.04970710e-47
2.94667943e-47
2.84786827e-47
2.75325418e-47
2.66276252e-47
2.57626889e-47
2.49359051e-47
2.41450442e-47
2.33873564e-47
2.26598562e-47
2.19593241e-47
2.12824573e-47
2.06260311e-47
1.99870076e-47
1.93626548e-47
1.87506023e-47
1.81488824e-47
1.75560286e-47
1.69709904e-47
1.63931159e-47
1.58221255e-47
1.52580514e-47
1.47011387e-47
1.41518234e-47
1.36106826e-47
1.30783623e-47
1.25555970e-47
1.20431462e-47
1.15418140e-47
1.10524335e-47
1.05758160e-47
1.01127651e-47
9.66400094e-48
9.23014804e-48
8.81168787e-48
8.40888846e-48
8.02180344e-48
7.65020744e-48
7.29365492e-48
6.95141063e-48
6.62257120e-48
6.30607042e-48
6.00076293e-48
5.70552248e-48
5.41932900e-48
5.14133319e-48
4.87094428e-48
4.60787738e-48
4.35215802e-48
4.10413055e-48
3.86441830e-48
3.63384666e-48
3.41335141e-48
3.20390969e-48
3.00638365e-48
2.82146946e-48
2.64957660e-48
2.49078302e-48
2.34478070e-48
2.21087313e-48
2.08798586e-48
1.97469227e-48
1.86927434e-48
1.76977473e-48
1.67407168e-48
1.57994865e-48
1.48515798e-48
1.38749709e-48
1.28486701e-48
1.17534486e-48
1.05725212e-48
9.29217232e-49
7.90254705e-49
6.39839070e-49
4.77965846e-49
3.05226933e-49
1.22845321e-49
-6.72880657e-50
-2.62616897e-49
-4.59972230e-49
-6.55638559e-49
-8.45496941e-49
-1.02518137e-48
-1.19028492e-48
-1.33660141e-48
-1.46035298e-48
-1.55843627e-48
-1.62862044e-48
-1.66971122e-48
-1.68165294e-48
-1.66554964e-48
-1.62361419e-48
-1.55903525e-48
-1.47578308e-48
-1.37835675e-48
-1.27151287e-48
-1.15998788e-48
-1.04823327e-48
-9.40210544e-49
-8.39227504e-49
-7.47859890e-49
-6.67935134e-49
-6.00575113e-49
-5.46301066e-49
-5.05158379e-49
-4.76863557e-49
-4.60938779e-49
-4.56823506e-49
-4.63954143e-49
-4.81800433e-49
-5.09863991e-49
-5.47639914e-49
-5.94557667e-49
-6.49905627e-49
-7.12757713e-49
-7.81918359e-49
-8.55881785e-49
-9.32832582e-49
-1.01066921e-48
-1.08706418e-48
-1.15955739e-48
-1.22566031e-48
-1.28297754e-48
-1.32933269e-48
-1.36288262e-48
-1.38221016e-48
-1.38640250e-48
-1.37509042e-48
-1.34845599e-48
-1.30720591e-48
-1.25251183e-48
-1.18591742e-48
-1.10922177e-48
-1.02435090e-48
-9.33218446e-49
-8.37592961e-49
-7.38973475e-49
-6.38490841e-49
-5.36857522e-49
-4.34331385e-49
-3.30737001e-49
-2.25532206e-49
-1.17909671e-49
-6.92352513e-51
1.08348939e-49
2.28643038e-49
3.54356045e-49
4.85399324e-49
6.21106151e-49
7.60167988e-49
9.00634865e-49
1.03998659e-48
1.17524426e-48
1.30316029e-48
1.42043055e-48
1.52394186e-48
1.61102920e-48
1.67969840e-48
1.72881459e-48
1.75822805e-48
1.76881374e-48
1.76243208e-48
1.74180342e-48
1.71031156e-48
1.67176271e-48
1.63010834e-48
1.58918916e-48
1.55249785e-48
1.52300454e-48
1.50305760e-48
1.49435314e-48
1.49798379e-48
1.51454458e-48
1.54427408e-48
1.58721022e-48
1.64332867e-48
1.71264411e-48
1.79526192e-48
1.89137027e-48
2.00115779e-48
2.12470623e-48
2.26184613e-48
2.41198365e-48
2.57400022e-48
2.74612822e-48
2.92594414e-48
3.11041267e-48
3.29597766e-48
3.47876402e-48
3.65479959e-48
3.82025688e-48
3.97170131e-48
4.10631961e-48
4.22207595e-48
4.31781131e-48
4.39326761e-48
4.44902648e-48
4.48636971e-48
4.50709837e-48
4.51329988e-48
4.50710024e-48
4.49042155e-48
4.46476305e-48
4.43102085e-48
4.38936576e-48
4.33917962e-48
4.27906659e-48
4.20692557e-48
4.12009571e-48
4.01555814e-48
3.89017641e-48
3.74097991e-48
3.56545691e-48
3.36182619e-48
3.12930456e-48
2.86829105e-48
2.58051199e-48
2.26907231e-48
1.93839263e-48
1.59410056e-48
1.24278323e-48
8.91719233e-49
5.48539919e-49
2.20843169e-49
-8.41402246e-50
-3.59914827e-49
-6.00957610e-49
-8.02998405e-49
-9.63101237e-49
-1.07975684e-48
-1.15284834e-48
-1.18355111e-48
-1.17418616e-48
-1.12803153e-48
-1.04911616e-48
-9.42022651e-49
-8.11700873e-49
-6.63327256e-49
-5.02199376e-49
-3.33657694e-49
-1.63035290e-49
4.35560825e-51
1.63290437e-49
3.08700607e-49
4.35780294e-49
5.40149365e-49
6.18064340e-49
6.66641279e-49
6.84091627e-49
6.69927551e-49
6.25102721e-49
5.52063612e-49
4.54694197e-49
3.38146222e-49
2.08551007e-49
7.26612623e-50
-6.25820981e-50
-1.90479608e-49
-3.04987277e-49
-4.01076433e-49
-4.74987228e-49
-5.24384067e-49
-5.48398062e-49
-5.47553102e-49
-5.23605151e-49
-4.79308025e-49
-4.18138903e-49
-3.44002889e-49
-2.60944927e-49
-1.72905391e-49
-8.34978380e-50
4.13868525e-51
8.74464659e-50
1.64486189e-49
2.33939664e-49
2.95060807e-49
3.47604018e-49
3.91737509e-49
4.27941959e-49
4.56915237e-49
4.79486324e-49
4.96537569e-49
5.08946650e-49
5.17540888e-49
5.23069205e-49
5.26184786e-49
5.27440714e-49
5.27291443e-49
5.26100991e-49
5.24153755e-49
5.21666680e-49
5.18801692e-49
5.15676889e-49
5.12376713e-49
5.08960353e-49
5.05468302e-49
5.01927845e-49
4.98357057e-49
4.94767515e-49
4.91166691e-49
4.87559121e-49
4.83947626e-49
4.80333976e-49
4.76719096e-49
4.73103641e-49
4.69487864e-49
4.65871948e-49
4.62256073e-49
4.58640215e-49
4.55024481e-49
4.51408808e-49
4.47793205e-49
4.44177675e-49
4.40562375e-49
4.36947074e-49
4.33331926e-49
4.29716855e-49
4.26101938e-49
4.22487098e-49
4.18872335e-49
4.15257727e-49
4.11643195e-49
4.08028817e-49
4.04414516e-49
4.00800292e-49
