# detected etalon angular frequency (rad/px), one per scan
0.163909
0.174836
0.163909
0.163909
0.163909
0.163909
0.174836
0.163909
0.229473
0.207618
0.207618
0.163909
0.163909
0.163909
0.174836
0.163909
0.163909
0.917891
0.229473
0.229473
0.163909
0.152982
0.229473
0.229473
0.229473
0.229473
1.901347
0.185764
0.229473
0.163909
0.163909
0.808619
0.163909
0.229473
0.229473
1.354983
0.633782
0.229473
0.808619
0.251327
2.458638
0.502655
0.502655
0.229473
0.229473
0.251327
0.502655
0.251327
1.354983
2.065256
1.835783
0.229473
0.229473
0.830473
1.354983
0.611928
0.229473
0.502655
0.229473
1.748365
1.114582
0.251327
0.502655
1.726510
1.748365
0.229473
1.114582
0.163909
0.251327
0.163909
1.934128
0.808619
0.808619
0.502655
0.229473
1.726510
0.163909
0.229473
0.163909
0.229473
0.229473
0.163909
1.759292
0.163909
0.163909
0.251327
0.502655
1.420546
0.163909
1.114582
0.502655
0.808619
0.666564
1.988765
1.890419
0.611928
0.251327
0.131127
0.808619
1.311273
1.890419
1.890419
1.824856
0.152982
0.163909
1.365910
0.131127
0.152982
1.890419
0.972528
0.163909
2.207310
1.824856
1.890419
0.152982
0.152982
0.152982
1.824856
1.737437
0.152982
1.890419
0.152982
1.737437
1.890419
0.152982
1.824856
1.737437
1.890419
1.890419
0.152982
1.890419
1.256637
1.737437
0.218546
0.152982
1.737437
0.152982
0.163909
0.152982
0.163909
1.737437
0.152982
1.737437
0.152982
1.737437
0.152982
0.972528
0.163909
0.229473
0.152982
0.152982
1.049019
0.371527
1.551674
1.890419
0.152982
0.185764
1.431474
0.163909
0.163909
0.131127
1.431474
0.163909
0.131127
1.551674
0.972528
0.163909
1.191073
0.131127
1.431474
0.152982
0.152982
0.152982
0.131127
0.229473
0.917891
1.518892
0.229473
1.431474
1.049019
0.972528
0.152982
0.174836
0.174836
1.398692
0.174836
0.229473
0.174836
0.152982
0.142055
1.049019
0.229473
0.229473
0.152982
0.174836
1.431474
0.163909
0.174836
0.174836
1.420546
0.152982
0.185764
0.174836
1.409619
1.431474
0.163909
1.420546
0.535437
1.693728
0.185764
1.431474
1.420546
1.409619
1.202001
0.163909
0.535437
0.240400
0.535437
0.163909
1.202001
0.196691
1.202001
0.535437
0.196691
0.196691
0.163909
0.196691
1.398692
0.163909
0.163909
1.191073
0.535437
0.196691
0.535437
0.163909
0.196691
0.196691
0.196691
0.163909
1.409619
2.251019
0.535437
0.535437
1.398692
0.535437
0.535437
0.163909
0.535437
0.535437
0.163909
0.185764
0.535437
1.234783
0.535437
1.256637
0.163909
0.163909
0.163909
1.409619
1.234783
0.196691
1.442401
0.163909
0.163909
0.163909
0.284109
1.486110
0.163909
0.163909
0.163909
0.163909
0.163909
0.163909
0.163909
0.163909
0.262255
0.163909
0.163909
0.163909
0.163909
0.163909
0.163909
0.131127
0.163909
0.163909
0.163909
0.218546
2.163601
1.726510
0.142055
0.262255
0.142055
1.748365
0.163909
0.163909
0.163909
0.218546
0.163909
2.141747
0.349673
0.218546
0.163909
0.163909
0.349673
0.349673
0.163909
0.229473
0.142055
0.830473
0.251327
0.349673
0.251327
0.163909
0.163909
0.163909
0.163909
0.349673
0.163909
0.163909
0.163909
0.163909
2.163601
0.174836
0.251327
0.163909
0.229473
0.163909
0.426164
0.207618
0.163909
0.185764
0.174836
0.251327
1.486110
0.633782
0.174836
0.163909
0.174836
0.174836
0.262255
0.174836
0.174836
0.174836
0.174836
1.147364
1.704655
0.163909
0.163909
0.163909
1.354983
1.147364
0.163909
0.174836
1.354983
1.693728
1.070873
0.240400
0.163909
0.163909
0.207618
1.354983
0.229473
0.163909
0.163909
1.354983
1.715583
0.163909
0.229473
0.174836
0.163909
0.163909
0.163909
0.229473
0.163909
1.704655
0.207618
0.163909
0.163909
0.163909
0.163909
0.163909
0.163909
0.163909
0.163909
0.163909
0.163909
0.163909
0.163909
0.163909
0.163909
0.163909
0.163909
0.163909
0.163909
0.163909
0.163909
0.163909
0.163909
0.163909
0.163909
