# detected etalon angular frequency (rad/px), one per scan
2.212229
2.428890
1.927148
0.912259
0.684194
1.322776
0.912259
0.501743
0.182452
0.182452
0.433323
0.205258
0.136839
0.182452
0.205258
0.136839
0.136839
1.630663
0.205258
0.957872
0.912259
0.205258
0.969275
0.136839
0.182452
0.433323
0.205258
1.915744
0.182452
0.205258
0.228065
0.205258
0.205258
0.205258
0.205258
0.205258
0.205258
0.205258
0.205258
0.228065
0.205258
0.205258
0.205258
0.205258
0.205258
0.205258
1.585050
0.205258
1.585050
1.550841
1.550841
1.197340
0.205258
2.086793
1.550841
1.585050
1.550841
1.550841
1.847325
0.421920
0.672791
1.585050
1.550841
0.136839
0.205258
0.182452
0.171049
0.171049
1.550841
1.550841
1.299969
0.205258
0.205258
0.627178
1.550841
1.026292
0.182452
2.121003
0.433323
0.205258
0.182452
1.550841
2.109599
0.182452
0.182452
1.550841
0.182452
0.182452
0.171049
0.182452
0.136839
0.182452
1.870131
0.182452
1.014888
0.216662
0.136839
0.182452
0.923662
1.585050
1.071905
0.182452
0.764017
2.326261
0.182452
0.182452
1.014888
0.136839
2.417487
0.182452
0.182452
0.182452
0.182452
0.182452
0.182452
0.672791
0.136839
1.014888
0.285081
0.182452
0.182452
0.182452
0.182452
0.809630
0.182452
1.014888
1.014888
0.182452
0.182452
0.182452
0.182452
0.182452
0.182452
0.182452
0.182452
0.182452
0.764017
0.136839
0.182452
0.182452
1.927148
0.182452
0.547356
1.014888
0.672791
0.490339
0.182452
0.843840
0.182452
2.098196
1.984164
1.847325
1.493824
1.778905
1.573647
1.083308
1.083308
0.182452
0.216662
0.182452
2.041180
0.946469
0.843840
0.843840
0.843840
1.847325
0.843840
1.083308
1.550841
1.778905
0.843840
1.322776
1.185937
1.322776
0.216662
0.843840
1.322776
0.809630
0.843840
2.406084
0.592968
1.083308
0.843840
0.843840
1.847325
1.847325
2.406084
2.394680
1.847325
0.969275
1.972761
1.847325
1.847325
1.083308
1.847325
1.847325
1.778905
1.847325
1.847325
0.843840
0.342097
0.843840
1.778905
0.843840
1.414002
0.843840
0.935066
0.285081
0.285081
0.216662
0.216662
0.216662
0.250871
2.371874
1.607857
0.148242
1.607857
0.935066
1.870131
1.185937
1.185937
1.607857
1.185937
0.148242
2.029777
1.630663
1.607857
0.148242
2.406084
1.778905
2.406084
1.185937
1.185937
0.285081
2.006970
0.250871
0.148242
1.185937
1.528034
1.664873
0.250871
1.619260
1.539437
2.406084
2.406084
2.406084
1.630663
1.220147
1.778905
1.231550
0.513146
2.406084
1.402599
0.615775
1.596454
1.528034
1.185937
0.239468
0.239468
1.630663
0.136839
1.185937
1.334179
0.661388
1.402599
0.319291
0.136839
1.448211
0.273678
0.798227
0.205258
1.778905
0.136839
0.285081
0.216662
0.273678
0.239468
0.273678
0.182452
0.239468
1.824518
0.182452
0.832437
0.182452
0.205258
0.957872
0.205258
1.801712
1.242953
0.205258
0.935066
1.391195
0.205258
0.376307
1.242953
0.273678
0.729807
1.607857
0.786824
0.935066
1.801712
0.136839
0.216662
0.524549
0.524549
0.216662
0.216662
2.428890
0.182452
2.451697
0.319291
0.171049
0.832437
2.428890
0.205258
0.832437
0.136839
0.182452
0.524549
0.216662
0.136839
0.273678
0.136839
0.136839
0.935066
2.200825
0.171049
1.710486
0.136839
0.171049
0.136839
0.136839
0.136839
0.136839
0.136839
0.136839
0.136839
0.216662
0.136839
0.136839
0.136839
0.136839
0.136839
0.136839
0.136839
0.136839
0.136839
0.136839
0.136839
0.136839
0.136839
0.136839
0.136839
0.182452
0.136839
0.136839
0.136839
0.136839
0.136839
0.136839
0.136839
0.136839
0.136839
0.136839
0.136839
0.136839
0.216662
0.136839
0.136839
0.136839
0.136839
0.136839
0.136839
0.182452
0.136839
0.136839
0.182452
0.182452
0.136839
0.136839
0.136839
0.136839
0.136839
0.136839
0.136839
0.182452
0.182452
0.136839
0.136839
0.136839
0.216662
0.136839
0.216662
0.182452
0.182452
0.216662
0.216662
0.182452
0.216662
0.216662
