# detected etalon angular frequency (rad/px), one per scan
1.807148
2.233836
0.234260
1.740216
0.192428
0.192428
0.234260
0.192428
0.167329
0.167329
0.192428
0.660948
1.439025
0.736245
0.192428
1.439025
1.238231
0.158962
1.773682
1.380460
2.233836
1.439025
0.150596
1.380460
0.158962
0.158962
1.380460
0.158962
1.380460
1.380460
0.158962
1.380460
0.158962
1.380460
0.158962
1.773682
1.380460
1.380460
2.384431
1.380460
1.380460
1.380460
1.380460
1.380460
1.380460
1.380460
1.380460
1.380460
1.380460
1.380460
1.380460
2.275668
1.380460
1.380460
0.769711
1.547789
0.242626
2.384431
1.079269
1.171300
2.384431
1.380460
0.250993
1.673285
1.380460
0.167329
1.380460
0.384856
0.150596
1.380460
1.514323
0.158962
0.167329
2.116706
0.150596
0.167329
0.167329
0.158962
0.518718
0.158962
0.234260
0.158962
1.614720
0.158962
0.225893
0.175695
0.150596
0.150596
0.167329
0.158962
0.225893
0.225893
0.167329
0.158962
0.158962
0.225893
0.142229
0.167329
0.719513
0.225893
0.920307
0.158962
2.501561
0.192428
1.790415
0.167329
0.167329
0.911940
0.225893
0.242626
0.225893
0.225893
0.142229
0.225893
0.225893
0.225893
0.167329
2.083240
0.200794
0.225893
0.225893
0.225893
0.225893
0.225893
0.225893
0.158962
0.225893
0.225893
0.192428
0.192428
0.225893
0.225893
0.225893
0.225893
0.192428
0.158962
0.192428
0.225893
0.225893
0.200794
0.702780
0.158962
0.225893
0.225893
1.330262
0.158962
0.225893
0.167329
0.167329
0.158962
0.158962
0.167329
0.225893
0.158962
0.158962
0.158962
0.158962
0.142229
0.142229
0.158962
0.158962
0.158962
0.167329
0.158962
1.330262
0.250993
0.158962
0.158962
0.158962
0.250993
1.330262
1.355361
0.158962
0.158962
0.158962
0.158962
0.158962
1.874079
0.167329
0.610749
0.158962
0.158962
0.250993
0.150596
0.158962
0.158962
0.158962
0.250993
0.158962
0.158962
0.158962
0.158962
1.865713
0.158962
0.158962
0.158962
0.158962
0.150596
0.167329
1.731850
1.204765
0.175695
0.175695
0.158962
0.836643
0.158962
2.384431
0.184061
2.367698
0.234260
0.158962
0.142229
0.234260
0.158962
2.033041
0.267726
0.209161
2.024675
0.995605
0.175695
0.234260
2.033041
0.175695
1.589621
0.585650
0.276092
0.242626
0.276092
1.589621
0.276092
1.907545
0.158962
0.158962
0.158962
0.317924
0.158962
1.589621
1.589621
1.907545
1.731850
1.589621
0.175695
0.326291
1.748583
0.242626
0.158962
0.276092
0.158962
1.589621
0.158962
0.158962
0.158962
0.158962
0.158962
0.158962
0.158962
0.158962
0.158962
0.158962
0.158962
0.175695
0.158962
0.158962
0.158962
0.167329
1.204765
0.158962
0.158962
0.158962
0.175695
0.158962
0.234260
0.158962
0.158962
0.158962
0.158962
0.158962
0.158962
0.158962
0.158962
0.158962
0.158962
0.158962
0.158962
0.158962
0.158962
0.167329
0.158962
0.158962
0.158962
0.158962
0.158962
0.158962
0.158962
0.158962
0.158962
0.158962
0.167329
0.158962
0.158962
0.167329
0.167329
0.158962
0.158962
0.158962
0.158962
0.167329
0.158962
0.167329
0.167329
0.167329
0.158962
0.167329
0.158962
0.167329
0.167329
0.167329
0.167329
0.158962
0.167329
0.158962
0.167329
0.158962
0.167329
0.158962
0.158962
0.158962
0.158962
0.158962
0.167329
0.167329
0.167329
0.158962
0.167329
0.158962
0.167329
0.167329
0.167329
0.167329
0.158962
0.158962
0.175695
0.167329
0.158962
0.175695
0.167329
0.158962
0.158962
0.175695
0.167329
0.167329
0.167329
0.284458
0.167329
0.167329
0.167329
0.217527
0.167329
0.167329
1.405559
0.167329
0.167329
0.167329
0.167329
0.167329
0.175695
0.175695
0.167329
0.175695
0.167329
0.167329
0.167329
0.175695
0.175695
0.158962
0.175695
0.167329
0.175695
0.167329
0.167329
0.167329
0.175695
0.167329
0.167329
0.167329
0.167329
0.167329
0.167329
0.167329
0.167329
0.167329
0.167329
0.175695
0.167329
0.167329
0.175695
0.175695
0.175695
0.167329
0.167329
