# detected etalon angular frequency (rad/px), one per scan
0.300092
0.159424
0.159424
0.159424
0.159424
0.159424
0.234447
0.225069
0.159424
0.159424
0.159424
0.159424
0.159424
0.740853
2.363228
1.491084
0.159424
0.159424
1.772421
0.159424
0.159424
0.159424
0.159424
1.378550
0.159424
0.159424
1.378550
0.159424
1.734909
2.372606
0.159424
1.378550
0.159424
1.378550
0.159424
2.372606
0.393871
1.378550
2.400739
1.378550
0.928411
1.378550
0.159424
0.159424
0.159424
1.378550
1.378550
0.131290
0.159424
1.378550
0.393871
1.378550
0.159424
1.378550
0.159424
0.393871
0.159424
0.159424
0.759609
0.393871
0.159424
0.393871
0.159424
0.215691
0.159424
0.159424
0.159424
0.393871
0.975300
0.159424
1.087835
0.159424
0.159424
2.110025
0.159424
0.393871
0.159424
0.159424
0.131290
0.159424
0.234447
0.159424
0.159424
0.159424
0.225069
0.225069
0.168802
0.159424
0.168802
0.159424
0.225069
0.159424
0.159424
0.159424
0.159424
0.159424
0.159424
0.168802
0.225069
0.159424
0.159424
0.159424
0.159424
0.225069
0.225069
0.168802
0.168802
0.159424
0.225069
0.243825
0.225069
0.159424
0.168802
0.159424
0.159424
0.225069
0.168802
2.081891
0.225069
0.225069
0.225069
0.159424
0.168802
0.225069
0.225069
0.159424
0.225069
0.225069
0.225069
0.168802
0.168802
0.159424
0.159424
0.159424
0.168802
0.159424
0.225069
1.500462
0.159424
0.225069
1.931845
0.159424
0.225069
0.159424
0.159424
0.159424
0.159424
0.168802
0.168802
0.159424
0.159424
0.159424
0.159424
0.159424
0.159424
0.159424
0.159424
0.159424
0.159424
0.159424
0.159424
0.159424
0.159424
0.159424
0.159424
0.159424
0.159424
0.159424
0.159424
0.159424
0.159424
0.159424
0.159424
0.159424
0.159424
0.159424
0.159424
0.159424
0.159424
0.159424
0.159424
0.159424
0.159424
0.159424
0.159424
0.159424
0.159424
0.159424
0.159424
0.159424
0.159424
0.159424
0.159424
0.159424
0.159424
0.159424
0.159424
0.159424
0.159424
0.159424
0.159424
0.159424
0.159424
0.159424
0.159424
0.159424
0.159424
0.159424
0.159424
0.159424
0.159424
0.159424
0.159424
0.159424
0.271959
0.271959
0.271959
0.159424
0.159424
0.159424
0.271959
0.159424
0.271959
0.159424
0.497028
0.187558
0.159424
0.159424
0.271959
0.159424
0.159424
0.159424
0.159424
0.159424
1.697398
0.159424
0.159424
0.159424
0.159424
0.159424
0.159424
0.178180
0.159424
0.159424
0.159424
0.159424
0.159424
0.159424
0.159424
0.159424
0.159424
0.159424
0.159424
0.159424
0.159424
0.159424
0.159424
0.159424
0.159424
0.159424
0.159424
0.159424
0.159424
0.159424
0.159424
0.159424
0.159424
0.159424
0.159424
0.159424
0.159424
0.159424
0.159424
0.159424
0.159424
0.159424
0.159424
0.159424
0.159424
0.159424
0.159424
0.159424
0.159424
0.159424
0.159424
0.159424
0.159424
0.159424
0.159424
0.159424
0.159424
0.159424
0.159424
0.159424
0.159424
0.159424
0.159424
0.159424
0.159424
0.159424
0.159424
0.159424
0.159424
0.159424
0.159424
0.159424
0.159424
0.159424
0.159424
0.159424
0.159424
0.159424
0.159424
0.159424
0.159424
0.159424
0.159424
0.159424
0.159424
0.159424
0.159424
0.159424
0.159424
0.159424
0.159424
0.159424
0.159424
0.159424
0.159424
0.159424
0.159424
0.159424
0.159424
0.159424
0.159424
0.159424
0.159424
0.159424
0.159424
0.159424
0.159424
0.159424
0.159424
0.159424
0.159424
0.159424
0.159424
0.159424
1.866200
0.159424
0.168802
0.159424
0.159424
0.159424
0.168802
0.159424
0.159424
0.159424
0.168802
0.159424
0.159424
0.159424
0.159424
0.159424
0.159424
0.159424
0.159424
0.159424
0.159424
0.159424
0.168802
0.159424
0.168802
0.159424
0.159424
0.159424
0.168802
0.159424
0.159424
0.159424
0.159424
0.159424
0.159424
0.159424
0.159424
0.159424
0.159424
0.159424
0.159424
0.168802
0.159424
0.159424
0.159424
0.159424
0.159424
0.159424
0.159424
0.159424
0.159424
0.159424
