# detected etalon angular frequency (rad/px), one per scan
0.177902
0.177902
0.161729
0.177902
0.630744
0.177902
0.177902
0.177902
0.226421
0.145556
0.177902
0.177902
0.161729
1.156365
0.177902
0.177902
0.177902
0.630744
0.630744
0.630744
0.177902
0.177902
0.226421
0.226421
2.256124
0.177902
0.177902
0.177902
2.256124
0.177902
0.177902
2.256124
0.177902
1.625380
1.754763
0.177902
0.177902
0.177902
0.541793
0.177902
0.177902
0.501361
0.501361
0.501361
0.177902
0.234508
0.501361
0.630744
0.315372
2.062049
1.843715
0.315372
0.501361
0.832906
0.315372
0.614572
0.315372
0.315372
1.423218
0.824820
0.501361
0.250680
2.029703
2.029703
0.315372
0.226421
1.843715
0.161729
2.029703
1.843715
0.501361
0.315372
0.808647
0.501361
1.754763
0.177902
0.177902
0.177902
0.161729
0.226421
1.423218
0.177902
1.754763
0.161729
1.843715
0.177902
0.501361
1.002722
1.423218
1.115933
0.501361
0.808647
1.229143
1.843715
1.843715
0.614572
1.892233
0.137470
0.808647
1.229143
2.320816
0.137470
0.606485
0.153643
0.177902
0.137470
0.137470
1.965012
1.229143
0.177902
0.169816
2.207606
1.107846
1.892233
0.137470
0.161729
1.107846
0.719696
0.177902
0.630744
1.892233
0.177902
0.194075
2.175260
1.956925
0.929944
0.177902
0.363891
1.229143
0.978463
0.630744
0.218335
1.738591
0.218335
0.153643
0.137470
0.978463
0.161729
0.177902
0.177902
0.978463
0.153643
0.978463
0.137470
0.129383
0.978463
0.137470
0.161729
1.051241
0.137470
0.153643
1.051241
0.978463
0.226421
0.970376
0.137470
0.177902
0.177902
0.161729
0.177902
0.226421
0.226421
0.226421
0.226421
1.051241
0.177902
0.161729
1.924579
0.978463
1.431305
0.978463
0.226421
0.177902
0.226421
0.226421
0.978463
1.657726
0.226421
0.978463
0.978463
1.415132
0.226421
0.177902
0.226421
0.420496
1.415132
0.226421
0.226421
0.161729
0.226421
1.415132
0.226421
0.226421
0.226421
0.177902
0.226421
0.161729
1.415132
0.177902
0.242594
0.161729
0.177902
0.161729
1.415132
1.415132
1.415132
1.415132
0.226421
0.177902
0.177902
1.989271
1.415132
0.226421
0.161729
0.242594
1.415132
0.242594
0.202162
0.161729
1.415132
1.512169
1.512169
0.533707
1.512169
1.415132
0.177902
0.202162
1.415132
0.177902
0.177902
1.512169
0.533707
0.177902
0.202162
0.177902
1.415132
0.202162
1.415132
0.169816
1.415132
0.169816
0.202162
0.274940
1.415132
0.541793
0.541793
0.161729
0.161729
0.177902
0.177902
0.274940
0.274940
0.719696
1.512169
0.177902
0.129383
0.177902
0.161729
1.415132
0.274940
0.202162
1.439391
0.161729
0.161729
0.161729
0.202162
0.719696
0.161729
0.161729
0.161729
0.266853
0.177902
0.161729
0.177902
0.161729
0.266853
0.177902
0.266853
1.722418
0.177902
0.266853
0.161729
0.226421
0.161729
0.161729
0.161729
0.218335
2.167173
0.784387
0.137470
0.266853
0.161729
0.137470
0.784387
0.784387
2.134827
1.487910
2.159087
2.142914
1.965012
0.137470
0.460929
0.161729
0.226421
0.347718
0.161729
0.226421
0.161729
0.266853
0.226421
0.347718
0.954203
0.161729
0.161729
0.161729
0.226421
0.347718
0.177902
0.129383
0.129383
0.161729
0.226421
0.177902
0.266853
0.177902
0.161729
0.161729
0.226421
2.175260
0.177902
0.177902
0.177902
1.487910
1.487910
0.177902
0.177902
0.177902
0.177902
0.177902
0.266853
0.177902
0.177902
0.194075
0.177902
0.177902
0.177902
0.161729
0.177902
0.161729
0.177902
0.776301
0.161729
0.177902
1.350440
0.161729
0.226421
0.177902
0.161729
0.177902
0.177902
0.177902
0.226421
0.161729
0.177902
0.161729
0.226421
0.161729
0.226421
1.237230
0.161729
0.161729
0.177902
0.161729
0.177902
0.161729
0.194075
0.161729
0.161729
0.177902
0.161729
0.226421
0.161729
0.161729
0.226421
0.177902
0.161729
0.226421
0.161729
0.177902
0.161729
0.161729
0.177902
0.161729
0.161729
0.161729
2.102482
0.161729
0.161729
0.161729
0.161729
