# BBCEAS Wavelength Calibration Result
# Generated: 20260602
# Info: Average FWHM: 3.481 nm (calculated from 2 peaks)
399.343997
399.393976
399.443953
399.493928
399.543903
399.593875
399.643846
399.693815
399.743782
399.793748
399.843712
399.893675
399.943636
399.993595
400.043553
400.093509
400.143464
400.193416
400.243368
400.293317
400.343265
400.393212
400.443156
400.493099
400.543041
400.592980
400.642919
400.692855
400.742790
400.792723
400.842655
400.892585
400.942513
400.992440
401.042365
401.092289
401.142211
401.192131
401.242049
401.291966
401.341882
401.391795
401.441708
401.491618
401.541527
401.591434
401.641340
401.691244
401.741146
401.791047
401.840946
401.890843
401.940739
401.990633
402.040525
402.090416
402.140306
402.190193
402.240079
402.289964
402.339846
402.389727
402.439607
402.489485
402.539361
402.589236
402.639109
402.688980
402.738850
402.788718
402.838584
402.888449
402.938312
402.988174
403.038034
403.087892
403.137749
403.187604
403.237457
403.287309
403.337159
403.387007
403.436854
403.486700
403.536543
403.586385
403.636226
403.686064
403.735901
403.785737
403.835571
403.885403
403.935234
403.985062
404.034890
404.084715
404.134540
404.184362
404.234183
404.284002
404.333819
404.383635
404.433450
404.483262
404.533073
404.582883
404.632691
404.682497
404.732301
404.782104
404.831905
404.881705
404.931503
404.981299
405.031094
405.080887
405.130679
405.180468
405.230257
405.280043
405.329828
405.379611
405.429393
405.479173
405.528952
405.578728
405.628503
405.678277
405.728049
405.777819
405.827588
405.877355
405.927120
405.976884
406.026646
406.076407
406.126165
406.175923
406.225678
406.275432
406.325185
406.374935
406.424684
406.474432
406.524178
406.573922
406.623664
406.673405
406.723145
406.772882
406.822618
406.872353
406.922086
406.971817
407.021546
407.071274
407.121000
407.170725
407.220448
407.270169
407.319889
407.369607
407.419324
407.469039
407.518752
407.568463
407.618173
407.667882
407.717588
407.767294
407.816997
407.866699
407.916399
407.966098
408.015794
408.065490
408.115183
408.164875
408.214566
408.264255
408.313942
408.363627
408.413311
408.462993
408.512674
408.562353
408.612030
408.661706
408.711380
408.761053
408.810724
408.860393
408.910060
408.959726
409.009391
409.059053
409.108714
409.158374
409.208032
409.257688
409.307342
409.356995
409.406647
409.456296
409.505944
409.555591
409.605235
409.654878
409.704520
409.754160
409.803798
409.853435
409.903070
409.952703
410.002335
410.051965
410.101593
410.151220
410.200845
410.250469
410.300091
410.349711
410.399330
410.448947
410.498562
410.548176
410.597788
410.647399
410.697008
410.746615
410.796221
410.845825
410.895427
410.945028
410.994627
411.044224
411.093820
411.143415
411.193007
411.242598
411.292187
411.341775
411.391361
411.440946
411.490529
411.540110
411.589689
411.639267
411.688844
411.738418
411.787991
411.837563
411.887132
411.936701
411.986267
412.035832
412.085395
412.134957
412.184517
412.234075
412.283632
412.333187
412.382741
412.432292
412.481843
412.531391
412.580938
412.630484
412.680027
412.729569
412.779110
412.828649
412.878186
412.927721
412.977255
413.026788
413.076318
413.125847
413.175375
413.224900
413.274425
413.323947
413.373468
413.422987
413.472505
413.522021
413.571535
413.621048
413.670559
413.720069
413.769576
413.819083
413.868587
413.918090
413.967591
414.017091
414.066589
414.116086
414.165580
414.215074
414.264565
414.314055
414.363543
414.413030
414.462515
414.511998
414.561480
414.610960
414.660439
414.709916
414.759391
414.808865
414.858336
414.907807
414.957276
415.006743
415.056208
415.105672
415.155134
415.204595
415.254054
415.303511
415.352967
415.402421
415.451873
415.501324
415.550773
415.600221
415.649667
415.699111
415.748553
415.797994
415.847434
415.896872
415.946308
415.995742
416.045175
416.094606
416.144036
416.193464
416.242890
416.292315
416.341738
416.391159
416.440579
416.489997
416.539414
416.588829
416.638242
416.687654
416.737064
416.786472
416.835879
416.885284
416.934688
416.984090
417.033490
417.082889
417.132286
417.181681
417.231075
417.280467
417.329857
417.379246
417.428633
417.478019
417.527403
417.576785
417.626166
417.675545
417.724923
417.774298
417.823673
417.873045
417.922416
417.971785
418.021153
418.070519
418.119883
418.169246
418.218607
418.267967
418.317325
418.366681
418.416036
418.465389
418.514740
418.564090
418.613438
418.662784
418.712129
418.761472
418.810814
418.860154
418.909492
418.958829
419.008164
419.057497
419.106829
419.156159
419.205488
419.254815
419.304140
419.353464
419.402786
419.452106
419.501425
419.550742
419.600058
419.649371
419.698684
419.747994
419.797303
419.846611
419.895916
419.945220
419.994523
420.043824
420.093123
420.142420
420.191716
420.241011
420.290303
420.339594
420.388884
420.438172
420.487458
420.536742
420.586025
420.635307
420.684586
420.733864
420.783141
420.832415
420.881688
420.930960
420.980230
421.029498
421.078765
421.128030
421.177293
421.226555
421.275815
421.325073
421.374330
421.423585
421.472839
421.522091
421.571341
421.620590
421.669837
421.719082
421.768326
421.817568
421.866809
421.916048
421.965285
422.014520
422.063754
422.112987
422.162218
422.211447
422.260674
422.309900
422.359124
422.408347
422.457568
422.506787
422.556005
422.605221
422.654435
422.703648
422.752859
422.802069
422.851277
422.900483
422.949688
422.998891
423.048092
423.097292
423.146490
423.195687
423.244881
423.294075
423.343266
423.392456
423.441645
423.490831
423.540017
423.589200
423.638382
423.687562
423.736741
423.785918
423.835093
423.884267
423.933439
423.982609
424.031778
424.080945
424.130111
424.179275
424.228437
424.277597
424.326756
424.375914
424.425070
424.474224
424.523376
424.572527
424.621676
424.670824
424.719970
424.769114
424.818257
424.867398
424.916538
424.965675
425.014812
425.063946
425.113079
425.162210
425.211340
425.260468
425.309595
425.358719
425.407843
425.456964
425.506084
425.555202
425.604319
425.653434
425.702547
425.751659
425.800769
425.849878
425.898985
425.948090
425.997193
426.046295
426.095396
426.144494
426.193592
426.242687
426.291781
426.340873
426.389964
426.439052
426.488140
426.537225
426.586309
426.635392
426.684473
426.733552
426.782629
426.831705
426.880780
426.929852
426.978923
427.027993
427.077060
427.126126
427.175191
427.224254
427.273315
427.322375
427.371432
427.420489
427.469544
427.518597
427.567648
427.616698
427.665746
427.714793
427.763837
427.812881
427.861922
427.910962
427.960001
428.009038
428.058073
428.107106
428.156138
428.205168
428.254197
428.303224
428.352249
428.401273
428.450295
428.499316
428.548335
428.597352
428.646367
428.695381
428.744394
428.793404
428.842413
428.891421
428.940427
428.989431
429.038433
429.087434
429.136434
429.185431
429.234427
429.283422
429.332414
429.381405
429.430395
429.479383
429.528369
429.577354
429.626337
429.675318
429.724298
429.773276
429.822252
429.871227
429.920200
429.969172
430.018142
430.067110
430.116077
430.165042
430.214005
430.262967
430.311927
430.360886
430.409843
430.458798
430.507752
430.556704
430.605654
430.654603
430.703550
430.752495
430.801439
430.850381
430.899322
430.948261
430.997198
431.046134
431.095068
431.144001
431.192931
431.241861
431.290788
431.339714
431.388638
431.437561
431.486482
431.535402
431.584319
431.633236
431.682150
431.731063
431.779974
431.828884
431.877792
431.926698
431.975603
432.024506
432.073408
432.122307
432.171206
432.220102
432.268997
432.317890
432.366782
432.415672
432.464561
432.513448
432.562333
432.611216
432.660098
432.708978
432.757857
432.806734
432.855610
432.904483
432.953355
433.002226
433.051095
433.099962
433.148828
433.197692
433.246554
433.295415
433.344274
433.393131
433.441987
433.490841
433.539694
433.588545
433.637394
433.686242
433.735088
433.783932
433.832775
433.881616
433.930456
433.979294
434.028130
434.076965
434.125798
434.174629
434.223459
434.272287
434.321114
434.369939
434.418762
434.467583
434.516403
434.565222
434.614038
434.662854
434.711667
434.760479
434.809289
434.858098
434.906905
434.955710
435.004514
435.053316
435.102116
435.150915
435.199712
435.248507
435.297301
435.346094
435.394884
435.443673
435.492461
435.541246
435.590031
435.638813
435.687594
435.736373
435.785151
435.833927
435.882701
435.931474
435.980245
436.029014
436.077782
436.126548
436.175313
436.224076
436.272837
436.321597
436.370355
436.419111
436.467866
436.516619
436.565371
436.614121
436.662869
436.711615
436.760360
436.809104
436.857846
436.906586
436.955324
437.004061
437.052796
437.101530
437.150262
437.198992
437.247721
437.296448
437.345173
437.393897
437.442619
437.491340
437.540059
437.588776
437.637492
437.686206
437.734918
437.783629
437.832338
437.881046
437.929752
437.978456
438.027158
438.075859
438.124559
438.173256
438.221953
438.270647
438.319340
438.368031
438.416721
438.465409
438.514095
438.562780
438.611463
438.660144
438.708824
438.757502
438.806179
438.854854
438.903527
438.952198
439.000869
439.049537
439.098204
439.146869
439.195532
439.244194
439.292854
439.341513
439.390170
439.438825
439.487479
439.536131
439.584782
439.633430
439.682078
439.730723
439.779367
439.828009
439.876650
439.925289
439.973927
440.022562
440.071197
440.119829
440.168460
440.217089
440.265717
440.314343
440.362967
440.411590
440.460211
440.508831
440.557449
440.606065
440.654679
440.703292
440.751904
440.800513
440.849121
440.897728
440.946333
440.994936
441.043538
441.092137
441.140736
441.189332
441.237927
441.286521
441.335113
441.383703
441.432291
441.480878
441.529463
441.578047
441.626629
441.675209
441.723788
441.772365
441.820941
441.869515
441.918087
441.966657
442.015226
442.063794
442.112359
442.160924
442.209486
442.258047
442.306606
442.355164
442.403719
442.452274
442.500826
442.549377
442.597927
442.646475
442.695021
442.743565
442.792108
442.840649
442.889189
442.937727
442.986263
443.034798
443.083331
443.131863
443.180393
443.228921
443.277447
443.325972
443.374496
443.423017
443.471537
443.520056
443.568573
443.617088
443.665601
443.714113
443.762623
443.811132
443.859639
443.908145
443.956648
444.005150
444.053651
444.102150
444.150647
444.199143
444.247637
444.296129
444.344620
444.393109
444.441596
444.490082
444.538566
444.587049
444.635530
444.684009
444.732487
444.780963
444.829437
444.877910
444.926381
444.974851
445.023319
445.071785
445.120250
445.168713
445.217174
445.265634
445.314092
445.362548
445.411003
445.459456
445.507908
445.556358
445.604806
445.653253
445.701698
445.750142
445.798583
445.847024
445.895462
445.943899
445.992334
446.040768
446.089200
446.137630
446.186059
446.234486
446.282912
446.331336
446.379758
446.428179
446.476598
446.525015
446.573431
446.621845
446.670257
446.718668
446.767077
446.815485
446.863891
446.912295
446.960698
447.009099
447.057499
447.105896
447.154293
447.202687
447.251080
447.299471
447.347861
447.396249
447.444635
447.493020
447.541403
447.589785
447.638165
447.686543
447.734920
447.783295
447.831668
447.880040
447.928410
447.976778
448.025145
448.073510
448.121874
448.170236
448.218596
448.266955
448.315312
448.363667
448.412021
448.460373
448.508724
448.557073
448.605420
448.653766
448.702110
448.750452
448.798793
448.847132
448.895469
448.943805
448.992140
449.040472
449.088803
449.137133
449.185460
449.233786
449.282111
449.330434
449.378755
449.427074
449.475392
449.523709
449.572023
449.620336
449.668648
449.716958
449.765266
449.813572
449.861877
449.910180
449.958482
450.006782
450.055081
450.103377
450.151672
450.199966
450.248258
450.296548
450.344837
450.393124
450.441409
450.489693
450.537975
450.586255
450.634534
450.682811
450.731087
450.779361
450.827633
450.875904
450.924173
450.972440
451.020706
451.068970
451.117232
451.165493
451.213753
451.262010
451.310266
451.358521
451.406773
451.455024
451.503274
451.551522
451.599768
451.648013
451.696256
451.744497
451.792737
451.840975
451.889211
451.937446
451.985679
452.033911
452.082141
452.130369
452.178596
452.226821
452.275044
452.323266
452.371486
452.419704
452.467921
452.516137
452.564350
452.612562
452.660773
452.708981
452.757188
452.805394
452.853598
452.901800
452.950000
452.998199
453.046397
453.094592
453.142786
453.190979
453.239170
453.287359
453.335546
453.383732
453.431917
453.480099
453.528280
453.576460
453.624637
453.672814
453.720988
453.769161
453.817332
453.865502
453.913670
453.961836
454.010001
454.058164
454.106325
454.154485
454.202643
454.250800
454.298955
454.347108
454.395260
454.443410
454.491558
454.539705
454.587850
454.635994
454.684136
454.732276
454.780415
454.828552
454.876687
454.924821
454.972953
455.021083
455.069212
455.117340
455.165465
455.213589
455.261711
455.309832
455.357951
455.406069
455.454184
455.502299
455.550411
455.598522
455.646631
455.694739
455.742845
455.790950
455.839052
455.887154
455.935253
455.983351
456.031447
456.079542
456.127635
456.175726
456.223816
456.271904
456.319991
456.368075
456.416159
456.464240
456.512320
456.560398
456.608475
456.656550
456.704624
456.752695
456.800766
456.848834
456.896901
456.944966
456.993030
457.041092
457.089153
457.137211
457.185268
457.233324
457.281378
457.329430
457.377481
457.425530
457.473577
457.521623
457.569667
457.617709
457.665750
457.713789
457.761827
457.809863
457.857897
457.905930
457.953961
458.001990
458.050018
458.098044
458.146069
458.194092
458.242113
458.290133
458.338151
458.386167
458.434182
458.482195
458.530207
458.578216
458.626225
458.674231
458.722236
458.770240
458.818241
458.866241
458.914240
458.962237
459.010232
459.058225
459.106217
459.154208
459.202196
459.250183
459.298169
459.346153
459.394135
459.442115
459.490094
459.538072
459.586047
459.634021
459.681994
459.729964
459.777933
459.825901
459.873867
459.921831
459.969794
460.017755
460.065714
460.113672
460.161628
460.209582
460.257535
460.305486
460.353436
460.401384
460.449330
460.497275
460.545218
460.593159
460.641099
460.689037
460.736974
460.784908
460.832842
460.880773
460.928703
460.976632
461.024558
461.072484
461.120407
461.168329
461.216249
461.264168
461.312085
461.360000
461.407914
461.455826
461.503736
461.551645
461.599552
461.647458
461.695362
461.743264
461.791165
461.839064
461.886961
461.934857
461.982751
462.030643
462.078534
462.126424
462.174311
462.222197
462.270082
462.317964
462.365845
462.413725
462.461603
462.509479
462.557353
462.605226
462.653098
462.700967
462.748835
462.796702
462.844567
462.892430
462.940291
462.988151
463.036010
463.083866
463.131721
463.179575
463.227426
463.275277
463.323125
463.370972
463.418817
463.466661
463.514503
463.562343
463.610182
463.658019
463.705854
463.753688
463.801520
463.849351
463.897180
463.945007
463.992833
464.040657
464.088479
464.136300
464.184119
464.231937
464.279753
464.327567
464.375380
464.423191
464.471000
464.518808
464.566614
464.614418
464.662221
464.710023
464.757822
464.805620
464.853416
464.901211
464.949004
464.996796
465.044585
465.092374
465.140160
465.187945
465.235728
465.283510
465.331290
465.379069
465.426845
465.474620
465.522394
465.570166
465.617936
465.665705
465.713472
465.761237
465.809001
465.856763
465.904523
465.952282
466.000040
466.047795
466.095549
466.143301
466.191052
466.238801
466.286549
466.334294
466.382039
466.429781
466.477522
466.525261
466.572999
466.620735
466.668469
466.716202
466.763933
466.811663
466.859391
466.907117
466.954842
467.002565
467.050286
467.098006
467.145724
467.193440
467.241155
467.288868
467.336580
467.384290
467.431998
467.479705
467.527410
467.575113
467.622815
467.670515
467.718214
467.765911
467.813606
467.861300
467.908992
467.956682
468.004371
468.052058
468.099744
468.147427
468.195110
468.242790
468.290469
468.338147
468.385822
468.433496
468.481169
468.528840
468.576509
468.624176
468.671842
468.719507
468.767169
468.814830
468.862490
468.910148
468.957804
469.005458
469.053111
469.100762
469.148412
469.196060
469.243707
469.291351
469.338994
469.386636
469.434276
469.481914
469.529551
469.577186
469.624819
469.672451
469.720081
469.767709
469.815336
469.862961
469.910585
469.958207
470.005827
470.053446
470.101063
470.148678
470.196292
470.243904
470.291514
470.339123
470.386731
470.434336
470.481940
470.529543
470.577143
470.624742
470.672340
470.719936
470.767530
470.815123
470.862714
470.910303
470.957891
471.005477
471.053061
471.100644
471.148225
471.195805
471.243383
471.290959
471.338533
471.386107
471.433678
471.481248
471.528816
471.576382
471.623947
471.671510
471.719072
471.766632
471.814190
471.861747
471.909302
471.956856
472.004408
472.051958
472.099506
472.147053
472.194599
472.242142
472.289684
472.337225
472.384764
472.432301
472.479836
472.527370
472.574903
472.622433
472.669962
472.717490
472.765015
472.812539
472.860062
472.907583
472.955102
473.002620
473.050136
473.097650
473.145163
473.192674
473.240183
473.287691
473.335197
473.382702
473.430205
473.477706
473.525206
473.572704
473.620200
473.667695
473.715188
473.762680
473.810170
473.857658
473.905145
473.952630
474.000113
474.047595
474.095075
474.142553
474.190030
474.237505
474.284979
474.332451
474.379921
474.427390
474.474857
474.522323
474.569786
474.617249
474.664709
474.712168
474.759625
474.807081
474.854535
474.901987
474.949438
474.996887
475.044335
475.091781
475.139225
475.186668
475.234109
475.281548
475.328986
475.376422
475.423856
475.471289
475.518720
475.566150
475.613578
475.661004
475.708429
475.755852
475.803274
475.850693
475.898111
475.945528
475.992943
476.040356
476.087768
476.135178
476.182586
476.229993
476.277398
476.324802
476.372204
476.419604
476.467002
476.514399
476.561795
476.609189
476.656581
476.703971
476.751360
476.798747
476.846133
476.893517
476.940899
476.988280
477.035659
477.083036
477.130412
477.177786
477.225159
477.272530
477.319899
477.367267
477.414633
477.461997
477.509360
477.556721
477.604080
477.651438
477.698794
477.746149
477.793502
477.840853
477.888203
477.935551
477.982898
478.030242
478.077586
478.124927
478.172267
478.219606
478.266942
478.314277
478.361611
478.408942
478.456273
478.503601
478.550928
478.598253
478.645577
478.692899
478.740219
478.787538
478.834855
478.882171
478.929485
478.976797
479.024107
479.071416
479.118724
479.166029
479.213333
479.260636
479.307937
479.355236
479.402533
479.449829
479.497124
479.544416
479.591707
479.638997
479.686285
479.733571
479.780855
479.828138
479.875419
479.922699
479.969977
480.017253
480.064528
480.111801
480.159073
480.206343
480.253611
480.300877
480.348142
480.395406
480.442667
480.489927
480.537186
480.584443
480.631698
480.678951
480.726203
480.773454
480.820702
480.867949
480.915195
480.962438
481.009681
481.056921
481.104160
481.151397
481.198633
481.245867
481.293099
481.340330
481.387559
481.434787
481.482012
481.529237
481.576459
481.623680
481.670899
481.718117
481.765333
481.812548
481.859760
481.906972
481.954181
482.001389
482.048595
482.095800
482.143003
482.190204
482.237404
482.284602
482.331799
482.378994
482.426187
482.473378
482.520568
482.567757
482.614943
482.662129
482.709312
482.756494
482.803674
482.850853
482.898030
482.945205
482.992379
483.039551
483.086721
483.133890
483.181057
483.228222
483.275386
483.322549
483.369709
483.416868
483.464026
483.511181
483.558336
483.605488
483.652639
483.699788
483.746936
483.794082
483.841226
483.888369
483.935510
483.982649
484.029787
484.076923
484.124058
484.171191
484.218322
484.265452
484.312580
484.359706
484.406831
484.453954
484.501076
484.548196
484.595314
484.642430
484.689545
484.736659
484.783770
484.830881
484.877989
484.925096
484.972201
485.019305
485.066407
485.113507
485.160606
485.207703
485.254798
485.301892
485.348984
485.396075
485.443164
485.490251
485.537337
485.584421
485.631503
485.678584
485.725663
485.772740
485.819816
485.866891
485.913963
485.961034
486.008104
486.055171
486.102237
486.149302
486.196365
486.243426
486.290485
486.337543
486.384600
486.431654
486.478707
486.525759
486.572809
486.619857
486.666903
486.713948
486.760992
486.808033
486.855073
486.902112
486.949148
486.996184
487.043217
487.090249
487.137279
487.184308
487.231335
487.278360
487.325384
487.372406
487.419426
487.466445
487.513462
487.560478
487.607492
487.654504
487.701515
487.748524
487.795531
487.842537
487.889541
487.936544
487.983545
488.030544
488.077542
488.124538
488.171532
488.218525
488.265516
488.312505
488.359493
488.406479
488.453464
488.500447
488.547428
488.594408
488.641386
488.688363
488.735337
488.782311
488.829282
488.876252
488.923220
488.970187
489.017152
489.064115
489.111077
489.158037
489.204996
489.251953
489.298908
489.345862
489.392814
489.439764
489.486713
489.533660
489.580605
489.627549
489.674491
489.721432
489.768371
489.815308
489.862244
489.909178
489.956111
490.003041
490.049971
490.096898
490.143824
490.190748
490.237671
490.284592
490.331511
490.378429
490.425345
490.472260
490.519173
490.566084
490.612994
490.659902
490.706808
490.753713
490.800616
490.847517
490.894417
490.941315
490.988212
491.035107
491.082000
491.128892
491.175782
491.222670
491.269557
491.316442
491.363326
491.410208
491.457088
491.503967
491.550844
491.597719
491.644593
491.691465
491.738335
491.785204
491.832071
491.878937
491.925801
491.972663
492.019524
492.066383
492.113241
492.160096
492.206951
492.253803
492.300654
492.347504
492.394351
492.441197
492.488042
492.534884
492.581726
492.628565
492.675403
492.722239
492.769074
492.815907
492.862738
492.909568
492.956396
493.003223
493.050048
493.096871
493.143692
493.190512
493.237331
493.284147
493.330962
493.377776
493.424588
493.471398
493.518206
493.565013
493.611819
493.658622
493.705424
493.752225
493.799024
493.845821
493.892616
493.939410
493.986202
494.032993
494.079782
494.126569
494.173355
494.220139
494.266922
494.313703
494.360482
494.407259
494.454035
494.500810
494.547582
494.594353
494.641123
494.687891
494.734657
494.781421
494.828184
494.874946
494.921705
494.968463
495.015220
495.061974
495.108728
495.155479
495.202229
495.248977
495.295724
495.342469
495.389212
495.435954
495.482694
495.529432
495.576169
495.622905
495.669638
495.716370
495.763100
495.809829
495.856556
495.903282
495.950005
495.996727
496.043448
496.090167
496.136884
496.183600
496.230314
496.277026
496.323737
496.370446
496.417154
496.463860
496.510564
496.557266
496.603967
496.650667
496.697364
496.744060
496.790755
496.837448
496.884139
496.930829
496.977516
497.024203
497.070887
497.117571
497.164252
497.210932
497.257610
497.304286
497.350961
497.397635
497.444306
497.490976
497.537645
497.584311
497.630976
497.677640
497.724302
497.770962
497.817621
497.864278
497.910933
497.957587
498.004239
498.050889
498.097538
498.144185
498.190831
498.237475
