# Generated by CAESAR Pro Ultimate
# Gas: O4
# Math: Dynamic-ILS-Applied
-1.90316612e-48
-1.89831459e-48
-1.89345479e-48
-1.88858762e-48
-1.88371372e-48
-1.87883410e-48
-1.87394924e-48
-1.86905981e-48
-1.86416636e-48
-1.85926927e-48
-1.85436907e-48
-1.84946603e-48
-1.84456060e-48
-1.83965309e-48
-1.83474366e-48
-1.82983265e-48
-1.82492019e-48
-1.82000666e-48
-1.81509194e-48
-1.81017645e-48
-1.80526015e-48
-1.80034315e-48
-1.79542574e-48
-1.79050783e-48
-1.78558948e-48
-1.78067096e-48
-1.77575205e-48
-1.77083309e-48
-1.76591392e-48
-1.76099469e-48
-1.75607533e-48
-1.75115598e-48
-1.74623666e-48
-1.74131729e-48
-1.73639799e-48
-1.73147869e-48
-1.72655949e-48
-1.72164042e-48
-1.71672147e-48
-1.71180257e-48
-1.70688371e-48
-1.70196511e-48
-1.69704647e-48
-1.69212810e-48
-1.68720980e-48
-1.68229168e-48
-1.67737364e-48
-1.67245578e-48
-1.66753810e-48
-1.66262051e-48
-1.65770311e-48
-1.65278590e-48
-1.64786878e-48
-1.64295185e-48
-1.63803511e-48
-1.63311847e-48
-1.62820193e-48
-1.62328567e-48
-1.61836951e-48
-1.61345345e-48
-1.60853769e-48
-1.60362202e-48
-1.59870645e-48
-1.59379107e-48
-1.58887589e-48
-1.58396081e-48
-1.57904592e-48
-1.57413123e-48
-1.56921664e-48
-1.56430225e-48
-1.55938805e-48
-1.55447396e-48
-1.54956006e-48
-1.54464625e-48
-1.53973265e-48
-1.53481924e-48
-1.52990593e-48
-1.52499281e-48
-1.52007990e-48
-1.51516708e-48
-1.51025446e-48
-1.50534204e-48
-1.50042971e-48
-1.49551748e-48
-1.49060555e-48
-1.48569372e-48
-1.48078199e-48
-1.47587055e-48
-1.47095921e-48
-1.46604797e-48
-1.46113692e-48
-1.45622608e-48
-1.45131533e-48
-1.44640487e-48
-1.44149442e-48
-1.43658426e-48
-1.43167411e-48
-1.42676425e-48
-1.42185448e-48
-1.41694492e-48
-1.41203555e-48
-1.40712628e-48
-1.40221711e-48
-1.39730823e-48
-1.39239945e-48
-1.38749077e-48
-1.38258229e-48
-1.37767401e-48
-1.37276592e-48
-1.36785793e-48
-1.36295014e-48
-1.35804244e-48
-1.35313495e-48
-1.34822765e-48
-1.34332045e-48
-1.33841344e-48
-1.33350654e-48
-1.32859993e-48
-1.32369332e-48
-1.31878701e-48
-1.31388079e-48
-1.30897477e-48
-1.30406885e-48
-1.29916313e-48
-1.29425751e-48
-1.28935218e-48
-1.28444695e-48
-1.27954182e-48
-1.27463688e-48
-1.26973215e-48
-1.26482751e-48
-1.25992307e-48
-1.25501882e-48
-1.25011468e-48
-1.24521073e-48
-1.24030688e-48
-1.23540332e-48
-1.23049977e-48
-1.22559651e-48
-1.22069335e-48
-1.21579029e-48
-1.21088752e-48
-1.20598485e-48
-1.20108228e-48
-1.19617991e-48
-1.19127774e-48
-1.18637576e-48
-1.18147388e-48
-1.17657210e-48
-1.17167062e-48
-1.16676923e-48
-1.16186794e-48
-1.15696685e-48
-1.15206596e-48
-1.14716526e-48
-1.14226466e-48
-1.13736426e-48
-1.13246396e-48
-1.12756385e-48
-1.12266395e-48
-1.11776414e-48
-1.11286452e-48
-1.10796501e-48
-1.10306569e-48
-1.09816657e-48
-1.09326765e-48
-1.08836883e-48
-1.08347010e-48
-1.07857167e-48
-1.07367324e-48
-1.06877511e-48
-1.06387707e-48
-1.05897923e-48
-1.05408149e-48
-1.04918405e-48
-1.04428660e-48
-1.03938945e-48
-1.03449240e-48
-1.02959545e-48
-1.02469870e-48
-1.01980214e-48
-1.01490578e-48
-1.01000952e-48
-1.00511345e-48
-1.00021749e-48
-9.95321716e-49
-9.90426144e-49
-9.85530670e-49
-9.80635394e-49
-9.75740216e-49
-9.70845235e-49
-9.65950452e-49
-9.61055865e-49
-9.56161377e-49
-9.51266987e-49
-9.46372894e-49
-9.41478898e-49
-9.36585002e-49
-9.31691302e-49
-9.26797799e-49
-9.21904494e-49
-9.17011287e-49
-9.12118179e-49
-9.07225366e-49
-9.02332652e-49
-8.97440036e-49
-8.92547716e-49
-8.87655494e-49
-8.82763372e-49
-8.77871446e-49
-8.72979717e-49
-8.68088087e-49
-8.63196654e-49
-8.58305418e-49
-8.53414280e-49
-8.48523340e-49
-8.43632597e-49
-8.38741952e-49
-8.33851505e-49
-8.28961156e-49
-8.24071004e-49
-8.19181049e-49
-8.14291192e-49
-8.09401533e-49
-8.04512071e-49
-7.99622708e-49
-7.94733541e-49
-7.89844473e-49
-7.84955602e-49
-7.80066929e-49
-7.75178354e-49
-7.70289975e-49
-7.65401794e-49
-7.60513712e-49
-7.55625827e-49
-7.50738138e-49
-7.45850549e-49
-7.40963058e-49
-7.36075862e-49
-7.31188765e-49
-7.26301865e-49
-7.21415064e-49
-7.16528460e-49
-7.11641954e-49
-7.06755646e-49
-7.01869534e-49
-6.96983620e-49
-6.92097804e-49
-6.87212087e-49
-6.82326665e-49
-6.77441342e-49
-6.72556117e-49
-6.67671188e-49
-6.62786260e-49
-6.57901626e-49
-6.53017092e-49
-6.48132754e-49
-6.43248515e-49
-6.38364473e-49
-6.33480628e-49
-6.28596882e-49
-6.23713333e-49
-6.18829882e-49
-6.13946727e-49
-6.09063572e-49
-6.04180712e-49
-5.99297952e-49
-5.94415289e-49
-5.89532923e-49
-5.84650655e-49
-5.79768485e-49
-5.74886513e-49
-5.70004737e-49
-5.65123159e-49
-5.60241679e-49
-5.55360298e-49
-5.50479213e-49
-5.45598226e-49
-5.40717337e-49
-5.35836744e-49
-5.30956152e-49
-5.26075855e-49
-5.21195656e-49
-5.16315654e-49
-5.11435752e-49
-5.06556046e-49
-5.01676537e-49
-4.96797127e-49
-4.91917914e-49
-4.87038799e-49
-4.82159980e-49
-4.77281161e-49
-4.72402638e-49
-4.67524213e-49
-4.62645986e-49
-4.57767857e-49
-4.52889925e-49
-4.48012091e-49
-4.43134553e-49
-4.38257016e-49
-4.33379773e-49
-4.28502630e-49
-4.23625683e-49
-4.18748835e-49
-4.13872184e-49
-4.08995731e-49
-4.04119375e-49
-3.99243217e-49
-3.94367158e-49
-3.89491295e-49
-3.84615630e-49
-3.79740063e-49
-3.74864792e-49
-3.69989521e-49
-3.65114447e-49
-3.60239570e-49
-3.55364890e-49
-3.50490308e-49
-3.45615924e-49
-3.40741638e-49
-3.35867550e-49
-3.30993658e-49
-3.26119865e-49
-3.21246270e-49
-3.16372871e-49
-3.11499571e-49
-3.06626467e-49
-3.01753463e-49
-2.96880655e-49
-2.92008045e-49
-2.87135632e-49
-2.82263317e-49
-2.77391101e-49
-2.72519082e-49
-2.67647260e-49
-2.62775635e-49
-2.57904108e-49
-2.53032779e-49
-2.48161548e-49
-2.43290515e-49
-2.38419678e-49
-2.33548940e-49
-2.28678399e-49
-2.23808056e-49
-2.18937810e-49
-2.14067762e-49
-2.09197813e-49
-2.04328060e-49
-1.99458505e-49
-1.94589048e-49
-1.89719788e-49
-1.84850726e-49
-1.79981761e-49
-1.75112994e-49
-1.70244326e-49
-1.65375855e-49
-1.60507580e-49
-1.55639405e-49
-1.50771426e-49
-1.45903644e-49
-1.41035961e-49
-1.36168476e-49
-1.31301187e-49
-1.26433997e-49
-1.21567003e-49
-1.16700109e-49
-1.11833411e-49
-1.06966911e-49
-1.02100509e-49
-9.72343042e-50
-9.23681980e-50
-8.75023874e-50
-8.26365769e-50
-7.77710619e-50
-7.29056455e-50
-6.80404262e-50
-6.31753055e-50
-5.83103818e-50
-5.34456553e-50
-4.85810272e-50
-4.37165963e-50
-3.88522639e-50
-3.39881286e-50
-2.91241904e-50
-2.42603507e-50
-1.93967081e-50
-1.45332625e-50
-9.66991548e-51
-4.80676551e-51
5.61874194e-53
4.91904185e-51
9.78169927e-51
1.46442582e-50
1.95066202e-50
2.43687852e-50
2.92308518e-50
3.40927215e-50
3.89543943e-50
4.38159688e-50
4.86773466e-50
5.35386263e-50
5.83997094e-50
6.32605959e-50
6.81213847e-50
7.29819772e-50
7.78423737e-50
8.27026728e-50
8.75627764e-50
9.24227833e-50
9.72824966e-50
1.02142213e-49
1.07001636e-49
1.11860965e-49
1.16720199e-49
1.21579143e-49
1.26437995e-49
1.31296755e-49
1.36155327e-49
1.41013712e-49
1.45871913e-49
1.50730029e-49
1.55588064e-49
1.60445823e-49
1.65303508e-49
1.70161121e-49
1.75018570e-49
1.79875860e-49
1.84732998e-49
1.89590090e-49
1.94447144e-49
1.99303974e-49
2.04160788e-49
2.09017601e-49
2.13874230e-49
2.18730892e-49
2.23587606e-49
2.28444299e-49
2.33300998e-49
2.38157833e-49
2.43014741e-49
2.47871764e-49
2.52729048e-49
2.57586548e-49
2.62444324e-49
2.67302547e-49
2.72161195e-49
2.77020458e-49
2.81880338e-49
2.86740952e-49
2.91602527e-49
2.96465113e-49
3.01328874e-49
3.06194095e-49
3.11060889e-49
3.15929587e-49
3.20800357e-49
3.25673491e-49
3.30549321e-49
3.35428315e-49
3.40310882e-49
3.45197382e-49
3.50088323e-49
3.54984270e-49
3.59885950e-49
3.64793955e-49
3.69709153e-49
3.74632293e-49
3.79564307e-49
3.84506325e-49
3.89459379e-49
3.94424710e-49
3.99403781e-49
4.04397985e-49
4.09409053e-49
4.14438665e-49
4.19488763e-49
4.24561562e-49
4.29659258e-49
4.34784345e-49
4.39939629e-49
4.45127932e-49
4.50352520e-49
4.55616590e-49
4.60924137e-49
4.66278787e-49
4.71685000e-49
4.77147327e-49
4.82670412e-49
4.88259797e-49
4.93920692e-49
4.99659239e-49
5.05481609e-49
5.11394598e-49
5.17405158e-49
5.23520772e-49
5.29749466e-49
5.36099444e-49
5.42579468e-49
5.49198874e-49
5.55967176e-49
5.62894605e-49
5.69991561e-49
5.77269017e-49
5.84738385e-49
5.92411664e-49
6.00301123e-49
6.08419269e-49
6.16779150e-49
6.25394176e-49
6.34278284e-49
6.43445367e-49
6.52909965e-49
6.62686487e-49
6.72789729e-49
6.83234862e-49
6.94036754e-49
7.05210763e-49
7.16771567e-49
7.28734955e-49
7.41115159e-49
7.53927441e-49
7.67186044e-49
7.80905401e-49
7.95098974e-49
8.09780287e-49
8.24961370e-49
8.40655112e-49
8.56871744e-49
8.73622231e-49
8.90915592e-49
9.08760482e-49
9.27163686e-49
9.46131085e-49
9.65667614e-49
9.85775985e-49
1.00645818e-48
1.02771372e-48
1.04954083e-48
1.07193591e-48
1.09489398e-48
1.11840765e-48
1.14246653e-48
1.16706056e-48
1.19217458e-48
1.21779375e-48
1.24389946e-48
1.27047186e-48
1.29748722e-48
1.32492222e-48
1.35274791e-48
1.38093583e-48
1.40945411e-48
1.43826804e-48
1.46734124e-48
1.49663516e-48
1.52610976e-48
1.55572233e-48
1.58542701e-48
1.61517848e-48
1.64492846e-48
1.67462580e-48
1.70422028e-48
1.73365905e-48
1.76288744e-48
1.79185030e-48
1.82049215e-48
1.84875499e-48
1.87658313e-48
1.90391762e-48
1.93070043e-48
1.95687355e-48
1.98237962e-48
2.00716061e-48
2.03116007e-48
2.05432086e-48
2.07658914e-48
2.09790947e-48
2.11822997e-48
2.13749939e-48
2.15566779e-48
2.17268757e-48
2.18851315e-48
2.20310148e-48
2.21641123e-48
2.22840417e-48
2.23904417e-48
2.24829818e-48
2.25613618e-48
2.26253076e-48
2.26745789e-48
2.27089644e-48
2.27282866e-48
2.27324005e-48
2.27211938e-48
2.26945869e-48
2.26525356e-48
2.25950263e-48
2.25220794e-48
2.24337503e-48
2.23301258e-48
2.22113251e-48
2.20774958e-48
2.19288182e-48
2.17655095e-48
2.15878033e-48
2.13959669e-48
2.11903029e-48
2.09711239e-48
2.07387740e-48
2.04936257e-48
2.02360691e-48
1.99665088e-48
1.96853789e-48
1.93931261e-48
1.90902062e-48
1.87771017e-48
1.84543021e-48
1.81223010e-48
1.77816152e-48
1.74327559e-48
1.70762551e-48
1.67126429e-48
1.63424457e-48
1.59662069e-48
1.55844637e-48
1.51977447e-48
1.48065926e-48
1.44115312e-48
1.40130962e-48
1.36118103e-48
1.32081814e-48
1.28027265e-48
1.23959464e-48
1.19883243e-48
1.15803502e-48
1.11724951e-48
1.07652103e-48
1.03589521e-48
9.95414762e-49
9.55122759e-49
9.15060119e-49
8.75265577e-49
8.35778110e-49
7.96633653e-49
7.57869104e-49
7.19515946e-49
6.81608934e-49
6.44177451e-49
6.07251750e-49
5.70859115e-49
5.35026885e-49
4.99779498e-49
4.65142133e-49
4.31135030e-49
3.97781271e-49
3.65099121e-49
3.33107581e-49
3.01823039e-49
2.71261920e-49
2.41438760e-49
2.12366313e-49
1.84057382e-49
1.56522469e-49
1.29772674e-49
1.03815294e-49
7.86598525e-50
5.43122423e-50
3.07789675e-50
8.06464514e-51
-1.38260302e-50
-3.48901130e-50
-5.51245764e-50
-7.45276157e-50
-9.30981569e-50
-1.10836179e-49
-1.27741580e-49
-1.43815602e-49
-1.59059412e-49
-1.73475388e-49
-1.87065573e-49
-1.99833670e-49
-2.11783258e-49
-2.22918150e-49
-2.33242863e-49
-2.42762501e-49
-2.51482141e-49
-2.59407432e-49
-2.66544491e-49
-2.72899431e-49
-2.78478820e-49
-2.83289575e-49
-2.87338638e-49
-2.90633351e-49
-2.93181098e-49
-2.94989529e-49
-2.96066462e-49
-2.96419789e-49
-2.96057559e-49
-2.94987883e-49
-2.93218976e-49
-2.90759049e-49
-2.87616430e-49
-2.83799433e-49
-2.79316271e-49
-2.74175296e-49
-2.68384748e-49
-2.61952663e-49
-2.54887245e-49
-2.47196316e-49
-2.38887882e-49
-2.29969665e-49
-2.20449226e-49
-2.10333736e-49
-1.99630336e-49
-1.88346427e-49
-1.76488022e-49
-1.64062294e-49
-1.51074924e-49
-1.37532052e-49
-1.23438961e-49
-1.08801168e-49
-9.36235683e-50
-7.79103598e-50
-6.16659876e-50
-4.48941890e-50
-2.75979222e-50
-9.78040722e-51
8.55592470e-51
2.74094992e-50
4.67788625e-50
6.66622305e-50
8.70599314e-50
1.07972030e-49
1.29398235e-49
1.51340980e-49
1.73800587e-49
1.96780189e-49
2.20282110e-49
2.44310199e-49
2.68867911e-49
2.93959761e-49
3.19591382e-49
3.45767960e-49
3.72495781e-49
3.99782288e-49
4.27634413e-49
4.56060810e-49
4.85069569e-49
5.14669933e-49
5.44872354e-49
5.75686635e-49
6.07123755e-49
6.39195921e-49
6.71914600e-49
7.05293137e-49
7.39344067e-49
7.74081120e-49
8.09518553e-49
8.45671881e-49
8.82556419e-49
9.20187195e-49
9.58580453e-49
9.97752899e-49
1.03772253e-48
1.07850614e-48
1.12012265e-48
1.16258967e-48
1.20592607e-48
1.25015200e-48
1.29528622e-48
1.34134872e-48
1.38836082e-48
1.43634227e-48
1.48531509e-48
1.53529964e-48
1.58631756e-48
1.63839183e-48
1.69154364e-48
1.74579543e-48
1.80117108e-48
1.85769246e-48
1.91538396e-48
1.97426786e-48
2.03436779e-48
2.09570758e-48
2.15831255e-48
2.22220700e-48
2.28741267e-48
2.35395815e-48
2.42186409e-48
2.49115809e-48
2.56186373e-48
2.63400760e-48
2.70761345e-48
2.78270658e-48
2.85931396e-48
2.93745955e-48
3.01716888e-48
3.09846926e-48
3.18138473e-48
3.26594275e-48
3.35216738e-48
3.44008439e-48
3.52971955e-48
3.62110244e-48
3.71425328e-48
3.80920164e-48
3.90597138e-48
4.00458820e-48
4.10507984e-48
4.20746991e-48
4.31178610e-48
4.41805180e-48
4.52629239e-48
4.63653546e-48
4.74880399e-48
4.86312544e-48
4.97952008e-48
5.09802001e-48
5.21864271e-48
5.34141772e-48
5.46636704e-48
5.59351762e-48
5.72289106e-48
5.85451413e-48
5.98840527e-48
6.12459652e-48
6.26310314e-48
6.40395424e-48
6.54717028e-48
6.69277740e-48
6.84079570e-48
6.99124805e-48
7.14416037e-48
7.29955224e-48
7.45744946e-48
7.61787131e-48
7.78084015e-48
7.94637827e-48
8.11451138e-48
8.28526182e-48
8.45864475e-48
8.63468941e-48
8.81341811e-48
8.99484939e-48
9.17900543e-48
9.36591230e-48
9.55558454e-48
9.74805626e-48
9.94333802e-48
1.01414603e-47
1.03424458e-47
1.05463130e-47
1.07530846e-47
1.09627833e-47
1.11754363e-47
1.13910622e-47
1.16096883e-47
1.18313331e-47
1.20560193e-47
1.22837745e-47
1.25146167e-47
1.27485732e-47
1.29856615e-47
1.32259036e-47
1.34693210e-47
1.37159400e-47
1.39657812e-47
1.42188544e-47
1.44751942e-47
1.47348032e-47
1.49977091e-47
1.52639226e-47
1.55334638e-47
1.58063344e-47
1.60825629e-47
1.63621413e-47
1.66450885e-47
1.69314092e-47
1.72211000e-47
1.75141599e-47
1.78105851e-47
1.81103744e-47
1.84135109e-47
1.87199858e-47
1.90297737e-47
1.93428508e-47
1.96591947e-47
1.99787651e-47
2.03015290e-47
2.06274345e-47
2.09564299e-47
2.12884570e-47
2.16234575e-47
2.19613592e-47
2.23020685e-47
2.26455115e-47
2.29915926e-47
2.33402001e-47
2.36912211e-47
2.40445331e-47
2.44000121e-47
2.47575096e-47
2.51168823e-47
2.54779619e-47
2.58405850e-47
2.62045551e-47
2.65696957e-47
2.69358045e-47
2.73026612e-47
2.76700421e-47
2.80377209e-47
2.84054452e-47
2.87729600e-47
2.91400073e-47
2.95063037e-47
2.98715636e-47
3.02354989e-47
3.05977972e-47
3.09581518e-47
3.13162322e-47
3.16717074e-47
3.20242453e-47
3.23734922e-47
3.27190947e-47
3.30607002e-47
3.33979363e-47
3.37304397e-47
3.40578288e-47
3.43797257e-47
3.46957561e-47
3.50055305e-47
3.53086652e-47
3.56047819e-47
3.58934909e-47
3.61744101e-47
3.64471653e-47
3.67113744e-47
3.69666706e-47
3.72126813e-47
3.74490458e-47
3.76754151e-47
3.78914385e-47
3.80967836e-47
3.82911149e-47
3.84741282e-47
3.86455074e-47
3.88049676e-47
3.89522265e-47
3.90870225e-47
3.92091027e-47
3.93182333e-47
3.94141983e-47
3.94967949e-47
3.95658410e-47
3.96211698e-47
3.96626348e-47
3.96901091e-47
3.97034836e-47
3.97026702e-47
3.96876003e-47
3.96582257e-47
3.96145192e-47
3.95564723e-47
3.94840995e-47
3.93974330e-47
3.92965290e-47
3.91814623e-47
3.90523255e-47
3.89092357e-47
3.87523244e-47
3.85817518e-47
3.83976798e-47
3.82003105e-47
3.79898446e-47
3.77665124e-47
3.75305518e-47
3.72822264e-47
3.70218106e-47
3.67495878e-47
3.64658662e-47
3.61709560e-47
3.58651914e-47
3.55489126e-47
3.52224638e-47
3.48862121e-47
3.45405274e-47
3.41857802e-47
3.38223627e-47
3.34506667e-47
3.30710814e-47
3.26840162e-47
3.22898685e-47
3.18890547e-47
3.14819855e-47
3.10690641e-47
3.06507112e-47
3.02273386e-47
2.97993484e-47
2.93671581e-47
2.89311650e-47
2.84917809e-47
2.80494050e-47
2.76044223e-47
2.71572312e-47
2.67082150e-47
2.62577414e-47
2.58061899e-47
2.53539230e-47
2.49012866e-47
2.44486273e-47
2.39963020e-47
2.35446213e-47
2.30939052e-47
2.26444828e-47
2.21966363e-47
2.17506563e-47
2.13068327e-47
2.08654358e-47
2.04267254e-47
1.99909416e-47
1.95583233e-47
1.91291165e-47
1.87035208e-47
1.82817431e-47
1.78639885e-47
1.74504426e-47
1.70412806e-47
1.66366590e-47
1.62367410e-47
1.58416629e-47
1.54515678e-47
1.50665724e-47
1.46868081e-47
1.43123649e-47
1.39433400e-47
1.35798288e-47
1.32219103e-47
1.28696479e-47
1.25231112e-47
1.21823545e-47
1.18474173e-47
1.15183458e-47
1.11951716e-47
1.08779129e-47
1.05665945e-47
1.02612216e-47
9.96180609e-48
9.66834732e-48
9.38083308e-48
9.09925777e-48
8.82360449e-48
8.55384585e-48
8.28996111e-48
8.03191933e-48
7.77968019e-48
7.53320492e-48
7.29246092e-48
7.05739184e-48
6.82794835e-48
6.60408725e-48
6.38574361e-48
6.17285946e-48
5.96537860e-48
5.76323790e-48
5.56636809e-48
5.37470623e-48
5.18818332e-48
5.00672504e-48
4.83026318e-48
4.65872433e-48
4.49203042e-48
4.33010936e-48
4.17288131e-48
4.02027221e-48
3.87220390e-48
3.72859469e-48
3.58936846e-48
3.45444556e-48
3.32374339e-48
3.19718462e-48
3.07468897e-48
2.95617368e-48
2.84155866e-48
2.73076844e-48
2.62371831e-48
2.52032864e-48
2.42052411e-48
2.32422129e-48
2.23134148e-48
2.14180825e-48
2.05554356e-48
1.97246993e-48
1.89250877e-48
1.81558391e-48
1.74162283e-48
1.67054740e-48
1.60228344e-48
1.53675882e-48
1.47390069e-48
1.41363700e-48
1.35589536e-48
1.30060556e-48
1.24770043e-48
1.19710924e-48
1.14876453e-48
1.10260173e-48
1.05855243e-48
1.01655491e-48
9.76543964e-49
9.38458141e-49
9.02235499e-49
8.67816818e-49
8.35143270e-49
8.04156639e-49
7.74801302e-49
7.47022242e-49
7.20765246e-49
6.95978589e-49
6.72610881e-49
6.50613161e-49
6.29937397e-49
6.10536657e-49
5.92366359e-49
5.75383024e-49
5.59544427e-49
5.44810623e-49
5.31142645e-49
5.18503758e-49
5.06858571e-49
4.96173154e-49
4.86415732e-49
4.77555979e-49
4.69565121e-49
4.62416452e-49
4.56084787e-49
4.50546552e-49
4.45780037e-49
4.41765391e-49
4.38484080e-49
4.35919511e-49
4.34056619e-49
4.32882065e-49
4.32384050e-49
4.32552376e-49
4.33378386e-49
4.34854868e-49
4.36976153e-49
4.39737899e-49
4.43137224e-49
4.47172426e-49
4.51843206e-49
4.57150160e-49
4.63095554e-49
4.69682019e-49
4.76913803e-49
4.84795680e-49
4.93333591e-49
5.02533920e-49
5.12403915e-49
5.22951683e-49
5.34185467e-49
5.46114442e-49
5.58747442e-49
5.72094932e-49
5.86166017e-49
6.00971374e-49
6.16520922e-49
6.32825247e-49
6.49894243e-49
6.67738395e-49
6.86366908e-49
7.05790686e-49
7.26017977e-49
7.47058713e-49
7.68921180e-49
7.91614113e-49
8.15144835e-49
8.39521095e-49
8.64748551e-49
8.90834320e-49
9.17783893e-49
9.45601521e-49
9.74291312e-49
1.00385731e-48
1.03430163e-48
1.06562629e-48
1.09783325e-48
1.13092244e-48
1.16489373e-48
1.19974703e-48
1.23548013e-48
1.27209162e-48
1.30957794e-48
1.34793564e-48
1.38716152e-48
1.42725017e-48
1.46819647e-48
1.50999569e-48
1.55264091e-48
1.59612658e-48
1.64044497e-48
1.68558895e-48
1.73155205e-48
1.77832571e-48
1.82590211e-48
1.87427437e-48
1.92343350e-48
1.97337257e-48
2.02408155e-48
2.07555577e-48
2.12778435e-48
2.18076196e-48
2.23448140e-48
2.28893350e-48
2.34411393e-48
2.40001655e-48
2.45663449e-48
2.51396251e-48
2.57199589e-48
2.63073174e-48
2.69016657e-48
2.75029505e-48
2.81111749e-48
2.87263246e-48
2.93483795e-48
2.99773400e-48
3.06132142e-48
3.12560316e-48
3.19058169e-48
3.25625758e-48
3.32263764e-48
3.38972686e-48
3.45752825e-48
3.52605124e-48
3.59530336e-48
3.66529151e-48
3.73602482e-48
3.80751473e-48
3.87977055e-48
3.95280381e-48
4.02662836e-48
4.10125575e-48
4.17669974e-48
4.25297641e-48
4.33009935e-48
4.40808599e-48
4.48695114e-48
4.56671181e-48
4.64738725e-48
4.72899391e-48
4.81155039e-48
4.89507751e-48
4.97959307e-48
5.06511878e-48
5.15167140e-48
5.23927702e-48
5.32795121e-48
5.41771896e-48
5.50860192e-48
5.60061814e-48
5.69379548e-48
5.78815044e-48
5.88370946e-48
5.98049326e-48
6.07852674e-48
6.17783091e-48
6.27842893e-48
6.38034624e-48
6.48360422e-48
6.58822644e-48
6.69423887e-48
6.80166318e-48
6.91052570e-48
7.02084834e-48
7.13265545e-48
7.24597391e-48
7.36082608e-48
7.47723687e-48
7.59523387e-48
7.71484002e-48
7.83608095e-48
7.95898513e-48
8.08357889e-48
8.20988360e-48
8.33793142e-48
8.46774980e-48
8.59936106e-48
8.73279889e-48
8.86809209e-48
9.00526711e-48
9.14435375e-48
9.28538235e-48
9.42838695e-48
9.57339934e-48
9.72044584e-48
9.86956573e-48
1.00207931e-47
1.01741595e-47
1.03297005e-47
1.04874528e-47
1.06474570e-47
1.08097518e-47
1.09743697e-47
1.11413582e-47
1.13107589e-47
1.14826075e-47
1.16569587e-47
1.18338467e-47
1.20133251e-47
1.21954379e-47
1.23802378e-47
1.25677713e-47
1.27580897e-47
1.29512503e-47
1.31473032e-47
1.33463044e-47
1.35483154e-47
1.37533906e-47
1.39615949e-47
1.41729857e-47
1.43876264e-47
1.46055864e-47
1.48269278e-47
1.50517187e-47
1.52800336e-47
1.55119391e-47
1.57475130e-47
1.59868253e-47
1.62299519e-47
1.64769761e-47
1.67279723e-47
1.69830215e-47
1.72422121e-47
1.75056231e-47
1.77733406e-47
1.80454581e-47
1.83220651e-47
1.86032411e-47
1.88890904e-47
1.91797013e-47
1.94751759e-47
1.97756056e-47
2.00810958e-47
2.03917344e-47
2.07076431e-47
2.10289061e-47
2.13556421e-47
2.16879514e-47
2.20259495e-47
2.23697394e-47
2.27194402e-47
2.30751503e-47
2.34369992e-47
2.38051034e-47
2.41795731e-47
2.45605277e-47
2.49480959e-47
2.53423923e-47
2.57435407e-47
2.61516751e-47
2.65669142e-47
2.69893864e-47
2.74192309e-47
2.78565796e-47
2.83015475e-47
2.87542880e-47
2.92149279e-47
2.96836151e-47
3.01604793e-47
3.06456718e-47
3.11393147e-47
3.16415834e-47
3.21525921e-47
3.26725093e-47
3.32014732e-47
3.37396451e-47
3.42871657e-47
3.48441882e-47
3.54108789e-47
3.59873823e-47
3.65738681e-47
3.71704828e-47
3.77773865e-47
3.83947535e-47
3.90227334e-47
3.96614898e-47
4.03112010e-47
4.09720194e-47
4.16441116e-47
4.23276595e-47
4.30228172e-47
4.37297686e-47
4.44486689e-47
4.51796880e-47
4.59230120e-47
4.66787966e-47
4.74472127e-47
4.82284477e-47
4.90226566e-47
4.98300273e-47
5.06507138e-47
5.14848861e-47
5.23327317e-47
5.31944020e-47
5.40700651e-47
5.49599068e-47
5.58640748e-47
5.67827532e-47
5.77160669e-47
5.86642367e-47
5.96273636e-47
6.06056463e-47
6.15992423e-47
6.26082641e-47
6.36329062e-47
6.46733195e-47
6.57296299e-47
6.68019824e-47
6.78905192e-47
6.89954029e-47
7.01167712e-47
7.12547105e-47
7.24093993e-47
7.35809660e-47
7.47695110e-47
7.59751551e-47
7.71980164e-47
7.84382355e-47
7.96958982e-47
8.09711393e-47
8.22640373e-47
8.35747211e-47
8.49032339e-47
8.62497263e-47
8.76142912e-47
8.89969892e-47
9.03979063e-47
9.18171552e-47
9.32547870e-47
9.47108795e-47
9.61855390e-47
9.76788085e-47
9.91907591e-47
1.00721492e-46
1.02271045e-46
1.03839516e-46
1.05426940e-46
1.07033381e-46
1.08658938e-46
1.10303643e-46
1.11967560e-46
1.13650791e-46
1.15353367e-46
1.17075358e-46
1.18816870e-46
1.20577977e-46
1.22358680e-46
1.24159134e-46
1.25979421e-46
1.27819554e-46
1.29679699e-46
1.31559956e-46
1.33460389e-46
1.35381106e-46
1.37322263e-46
1.39283945e-46
1.41266282e-46
1.43269455e-46
1.45293571e-46
1.47338787e-46
1.49405314e-46
1.51493286e-46
1.53602936e-46
1.55734419e-46
1.57887945e-46
1.60063736e-46
1.62262118e-46
1.64483200e-46
1.66727335e-46
1.68994746e-46
1.71285717e-46
1.73600594e-46
1.75939639e-46
1.78303223e-46
1.80691631e-46
1.83105211e-46
1.85544373e-46
1.88009436e-46
1.90500834e-46
1.93018907e-46
1.95564057e-46
1.98136693e-46
2.00737290e-46
2.03366274e-46
2.06023967e-46
2.08710917e-46
2.11427565e-46
2.14174298e-46
2.16951559e-46
2.19759789e-46
2.22599486e-46
2.25471087e-46
2.28374898e-46
2.31311459e-46
2.34281180e-46
2.37284329e-46
2.40321411e-46
2.43392786e-46
2.46498730e-46
2.49639557e-46
2.52815622e-46
2.56027117e-46
2.59274269e-46
2.62557335e-46
2.65876401e-46
2.69231576e-46
2.72622995e-46
2.76050605e-46
2.79514444e-46
2.83014349e-46
2.86550174e-46
2.90121784e-46
2.93728832e-46
2.97370976e-46
3.01047883e-46
3.04758990e-46
3.08503814e-46
3.12281636e-46
3.16091732e-46
3.19933374e-46
3.23805586e-46
3.27707383e-46
3.31637770e-46
3.35595493e-46
3.39579287e-46
3.43587871e-46
3.47619700e-46
3.51673298e-46
3.55746918e-46
3.59838797e-46
3.63947158e-46
3.68069949e-46
3.72205191e-46
3.76350543e-46
3.80504001e-46
3.84662937e-46
3.88825065e-46
3.92987740e-46
3.97148400e-46
4.01304215e-46
4.05452357e-46
4.09590000e-46
4.13714061e-46
4.17821554e-46
4.21909244e-46
4.25973915e-46
4.30012372e-46
4.34021187e-46
4.37996965e-46
4.41936343e-46
4.45835746e-46
4.49691649e-46
4.53500572e-46
4.57258848e-46
4.60962951e-46
4.64609185e-46
4.68193928e-46
4.71713631e-46
4.75164607e-46
4.78543327e-46
4.81846074e-46
4.85069442e-46
4.88209915e-46
4.91263960e-46
4.94228161e-46
4.97099222e-46
4.99873787e-46
5.02548636e-46
5.05120682e-46
5.07586810e-46
5.09944104e-46
5.12189644e-46
5.14320667e-46
5.16334520e-46
5.18228703e-46
5.20000791e-46
5.21648450e-46
5.23169519e-46
5.24561968e-46
5.25823936e-46
5.26953643e-46
5.27949510e-46
5.28810058e-46
5.29533986e-46
5.30120159e-46
5.30567568e-46
5.30875378e-46
5.31042917e-46
5.31069659e-46
5.30955243e-46
5.30699469e-46
5.30302299e-46
5.29763841e-46
5.29084380e-46
5.28264350e-46
5.27304317e-46
5.26205040e-46
5.24967409e-46
5.23592432e-46
5.22081317e-46
5.20435353e-46
5.18656032e-46
5.16744950e-46
5.14703789e-46
5.12534439e-46
5.10238823e-46
5.07819127e-46
5.05277397e-46
5.02616098e-46
4.99837527e-46
4.96944186e-46
4.93938794e-46
4.90823910e-46
4.87602292e-46
4.84276917e-46
4.80850482e-46
4.77326176e-46
4.73706882e-46
4.69995762e-46
4.66195867e-46
4.62310452e-46
4.58342730e-46
4.54295858e-46
4.50173192e-46
4.45977933e-46
4.41713476e-46
4.37383140e-46
4.32990249e-46
4.28538035e-46
4.24029817e-46
4.19469103e-46
4.14859002e-46
4.10202799e-46
4.05503859e-46
4.00765425e-46
3.95990713e-46
3.91182805e-46
3.86344850e-46
3.81480164e-46
3.76591614e-46
3.71682225e-46
3.66755083e-46
3.61813121e-46
3.56859220e-46
3.51896104e-46
3.46926650e-46
3.41953468e-46
3.36979321e-46
3.32006805e-46
3.27038349e-46
3.22076529e-46
3.17123647e-46
3.12182151e-46
3.07254316e-46
3.02342351e-46
2.97448294e-46
2.92574219e-46
2.87722338e-46
2.82894384e-46
2.78092227e-46
2.73317770e-46
2.68572744e-46
2.63858814e-46
2.59177477e-46
2.54530264e-46
2.49918833e-46
2.45344383e-46
2.40808248e-46
2.36311883e-46
2.31856202e-46
2.27442628e-46
2.23072046e-46
2.18745561e-46
2.14464033e-46
2.10228446e-46
2.06039632e-46
2.01898276e-46
1.97805186e-46
1.93760937e-46
1.89766310e-46
1.85821606e-46
1.81927579e-46
1.78084517e-46
1.74292904e-46
1.70553017e-46
1.66865243e-46
1.63229767e-46
1.59646961e-46
1.56116773e-46
1.52639561e-46
1.49215271e-46
1.45844029e-46
1.42525781e-46
1.39260577e-46
1.36048360e-46
1.32888973e-46
1.29782362e-46
1.26728306e-46
1.23726686e-46
1.20777288e-46
1.17879869e-46
1.15034100e-46
1.12239689e-46
1.09496435e-46
1.06803823e-46
1.04161661e-46
1.01569450e-46
9.90268425e-47
9.65333598e-47
9.40886139e-47
9.16921451e-47
8.93434284e-47
8.70420246e-47
8.47874290e-47
8.25790777e-47
8.04164891e-47
7.82991220e-47
7.62263814e-47
7.41977088e-47
7.22126206e-47
7.02704544e-47
6.83706278e-47
6.65126299e-47
6.46957464e-47
6.29194919e-47
6.11831844e-47
5.94862517e-47
5.78280457e-47
5.62079871e-47
5.46254584e-47
5.30798086e-47
5.15704522e-47
5.00967700e-47
4.86581128e-47
4.72538943e-47
4.58834692e-47
4.45462529e-47
4.32416333e-47
4.19689740e-47
4.07276969e-47
3.95171992e-47
3.83368574e-47
3.71861030e-47
3.60643229e-47
3.49709570e-47
3.39054258e-47
3.28671555e-47
3.18555568e-47
3.08700695e-47
2.99101800e-47
2.89752789e-47
2.80648845e-47
2.71784229e-47
2.63153857e-47
2.54752347e-47
2.46574752e-47
2.38616017e-47
2.30871002e-47
2.23334979e-47
2.16003128e-47
2.08870559e-47
2.01932774e-47
1.95185052e-47
1.88623049e-47
1.82242352e-47
1.76038502e-47
1.70007390e-47
1.64144851e-47
1.58446684e-47
1.52909019e-47
1.47527938e-47
1.42299497e-47
1.37219955e-47
1.32285855e-47
1.27493396e-47
1.22839076e-47
1.18319661e-47
1.13931605e-47
1.09671639e-47
1.05536659e-47
1.01523539e-47
9.76292316e-48
9.38506799e-48
9.01849879e-48
8.66294792e-48
8.31812400e-48
7.98375837e-48
7.65959591e-48
7.34538070e-48
7.04086332e-48
6.74579458e-48
6.45993834e-48
6.18307615e-48
5.91497159e-48
5.65540647e-48
5.40417882e-48
5.16106544e-48
4.92588018e-48
4.69841643e-48
4.47848788e-48
4.26590377e-48
4.06048752e-48
3.86206258e-48
3.67045312e-48
3.48549618e-48
3.30702896e-48
3.13488937e-48
2.96892703e-48
2.80898842e-48
2.65493096e-48
2.50661232e-48
2.36389097e-48
2.22663520e-48
2.09471365e-48
1.96799574e-48
1.84635975e-48
1.72968187e-48
1.61784655e-48
1.51073860e-48
1.40824367e-48
1.31025474e-48
1.21666521e-48
1.12736934e-48
1.04226787e-48
9.61262012e-49
8.84253821e-49
8.11151076e-49
7.41860625e-49
6.76294550e-49
6.14365460e-49
5.55986802e-49
5.01076570e-49
4.49552232e-49
4.01336361e-49
3.56348096e-49
3.14514251e-49
2.75758480e-49
2.40008711e-49
2.07192765e-49
1.77241347e-49
1.50085724e-49
1.25657958e-49
1.03892440e-49
8.47237265e-50
6.80883468e-50
5.39233684e-50
4.21666004e-50
3.27573162e-50
2.56353030e-50
2.07410481e-50
1.80160217e-50
1.74021781e-50
1.88421241e-50
2.22789978e-50
2.76565182e-50
3.49186508e-50
4.40097855e-50
5.48748811e-50
6.74587424e-50
8.17068810e-50
9.75640542e-50
1.14976794e-49
1.33889593e-49
1.54248825e-49
1.75999666e-49
1.99088123e-49
2.23459159e-49
2.49058057e-49
2.75830521e-49
3.03720953e-49
3.32674694e-49
3.62635637e-49
3.93547997e-49
4.25356398e-49
4.58003839e-49
4.91433668e-49
5.25589660e-49
5.60413847e-49
5.95848656e-49
6.31836989e-49
6.68319938e-49
7.05239860e-49
7.42537290e-49
7.80153308e-49
8.18029600e-49
8.56106070e-49
8.94323290e-49
9.32622557e-49
9.70943490e-49
1.00922735e-48
1.04741380e-48
1.08544348e-48
1.12325799e-48
1.16079757e-48
1.19800361e-48
1.23481866e-48
1.27118421e-48
1.30704308e-48
1.34233950e-48
1.37701694e-48
1.41102117e-48
1.44429743e-48
1.47679277e-48
1.50845599e-48
1.53923578e-48
1.56908350e-48
1.59795001e-48
1.62579085e-48
1.65255952e-48
1.67821428e-48
1.70271399e-48
1.72601848e-48
1.74809171e-48
1.76889867e-48
1.78840580e-48
1.80658397e-48
1.82340404e-48
1.83884130e-48
1.85287250e-48
1.86547770e-48
1.87663907e-48
1.88634188e-48
1.89457438e-48
1.90132729e-48
1.90659457e-48
1.91037286e-48
1.91266191e-48
1.91346444e-48
1.91278612e-48
1.91063553e-48
1.90702437e-48
1.90196707e-48
1.89548099e-48
1.88758658e-48
1.87830696e-48
1.86766805e-48
1.85569817e-48
1.84242843e-48
1.82789313e-48
1.81212781e-48
1.79517087e-48
1.77706335e-48
1.75784806e-48
1.73756978e-48
1.71627470e-48
1.69401157e-48
1.67082983e-48
1.64678127e-48
1.62191851e-48
1.59629474e-48
1.56996518e-48
1.54298474e-48
1.51541012e-48
1.48729795e-48
1.45870514e-48
1.42968817e-48
1.40030409e-48
1.37061107e-48
1.34066442e-48
1.31052023e-48
1.28023463e-48
1.24986232e-48
1.21945707e-48
1.18907096e-48
1.15875554e-48
1.12856234e-48
1.09853886e-48
1.06873238e-48
1.03918979e-48
1.00995308e-48
9.81066194e-49
9.52568030e-49
9.24497376e-49
8.96889764e-49
8.69779822e-49
8.43199427e-49
8.17177723e-49
7.91742770e-49
7.66919820e-49
7.42731371e-49
7.19198224e-49
6.96339904e-49
6.74171713e-49
6.52708216e-49
6.31960853e-49
6.11939817e-49
5.92652306e-49
5.74104683e-49
5.56299667e-49
5.39238856e-49
5.22922290e-49
5.07347781e-49
4.92511067e-49
4.78406845e-49
4.65027858e-49
4.52365047e-49
4.40408461e-49
4.29146255e-49
4.18565797e-49
4.08652999e-49
3.99392666e-49
3.90768408e-49
3.82763124e-49
3.75359174e-49
3.68537504e-49
3.62278747e-49
3.56563069e-49
3.51369987e-49
3.46678504e-49
3.42467586e-49
3.38715479e-49
3.35400761e-49
3.32501439e-49
3.29995878e-49
3.27862162e-49
3.26078624e-49
3.24623690e-49
3.23475969e-49
3.22614370e-49
3.22018125e-49
3.21666760e-49
3.21540242e-49
3.21618965e-49
3.21883796e-49
3.22316117e-49
3.22897832e-49
3.23611414e-49
3.24439941e-49
3.25367064e-49
3.26377074e-49
3.27454921e-49
3.28586160e-49
3.29757023e-49
3.30954431e-49
3.32165919e-49
3.33379740e-49
3.34584758e-49
