# Generated by CAESAR Pro Ultimate
# Gas: NO2
# Math: Dynamic-ILS-Applied
6.09790345e-19
6.10111455e-19
6.10409335e-19
6.10683139e-19
6.10932021e-19
6.11155103e-19
6.11351527e-19
6.11520428e-19
6.11660954e-19
6.11772274e-19
6.11853569e-19
6.11904057e-19
6.11922985e-19
6.11909645e-19
6.11863373e-19
6.11783562e-19
6.11669661e-19
6.11521195e-19
6.11337744e-19
6.11118990e-19
6.10864676e-19
6.10574645e-19
6.10248845e-19
6.09887302e-19
6.09490152e-19
6.09057659e-19
6.08590154e-19
6.08088132e-19
6.07552160e-19
6.06982949e-19
6.06381303e-19
6.05748171e-19
6.05084603e-19
6.04391754e-19
6.03670917e-19
6.02923469e-19
6.02150923e-19
6.01354880e-19
6.00537041e-19
5.99699182e-19
5.98843181e-19
5.97971032e-19
5.97084715e-19
5.96186378e-19
5.95278140e-19
5.94362218e-19
5.93440831e-19
5.92516265e-19
5.91590804e-19
5.90666722e-19
5.89746329e-19
5.88831901e-19
5.87925673e-19
5.87029884e-19
5.86146708e-19
5.85278245e-19
5.84426550e-19
5.83593634e-19
5.82781355e-19
5.81991511e-19
5.81225827e-19
5.80485852e-19
5.79773049e-19
5.79088764e-19
5.78434197e-19
5.77810394e-19
5.77218281e-19
5.76658620e-19
5.76132011e-19
5.75638917e-19
5.75179632e-19
5.74754282e-19
5.74362849e-19
5.74005140e-19
5.73680819e-19
5.73389384e-19
5.73130176e-19
5.72902400e-19
5.72705109e-19
5.72537213e-19
5.72397499e-19
5.72284626e-19
5.72197134e-19
5.72133456e-19
5.72091929e-19
5.72070796e-19
5.72068225e-19
5.72082314e-19
5.72111106e-19
5.72152599e-19
5.72204756e-19
5.72265521e-19
5.72332832e-19
5.72404625e-19
5.72478862e-19
5.72553524e-19
5.72626643e-19
5.72696298e-19
5.72760637e-19
5.72817885e-19
5.72866356e-19
5.72904462e-19
5.72930728e-19
5.72943793e-19
5.72942430e-19
5.72925545e-19
5.72892190e-19
5.72841568e-19
5.72773039e-19
5.72686123e-19
5.72580509e-19
5.72456051e-19
5.72312780e-19
5.72150896e-19
5.71970769e-19
5.71772945e-19
5.71558134e-19
5.71327224e-19
5.71081243e-19
5.70821404e-19
5.70549049e-19
5.70265675e-19
5.69972907e-19
5.69672508e-19
5.69366348e-19
5.69056420e-19
5.68744790e-19
5.68433620e-19
5.68125149e-19
5.67821670e-19
5.67525513e-19
5.67239054e-19
5.66964678e-19
5.66704770e-19
5.66461713e-19
5.66237854e-19
5.66035517e-19
5.65856946e-19
5.65704346e-19
5.65579819e-19
5.65485382e-19
5.65422946e-19
5.65394299e-19
5.65401101e-19
5.65444871e-19
5.65526977e-19
5.65648627e-19
5.65810863e-19
5.66014556e-19
5.66260382e-19
5.66548850e-19
5.66880275e-19
5.67254770e-19
5.67672260e-19
5.68132476e-19
5.68634966e-19
5.69179066e-19
5.69763946e-19
5.70388565e-19
5.71051715e-19
5.71752026e-19
5.72487933e-19
5.73257741e-19
5.74059572e-19
5.74891419e-19
5.75751144e-19
5.76636507e-19
5.77545136e-19
5.78474527e-19
5.79422178e-19
5.80385402e-19
5.81361544e-19
5.82347842e-19
5.83341537e-19
5.84339785e-19
5.85339834e-19
5.86338811e-19
5.87333960e-19
5.88322509e-19
5.89301705e-19
5.90268867e-19
5.91221372e-19
5.92156690e-19
5.93072334e-19
5.93965943e-19
5.94835223e-19
5.95678006e-19
5.96492254e-19
5.97276023e-19
5.98027526e-19
5.98745085e-19
5.99427174e-19
6.00072414e-19
6.00679587e-19
6.01247612e-19
6.01775538e-19
6.02262618e-19
6.02708237e-19
6.03111927e-19
6.03473392e-19
6.03792490e-19
6.04069240e-19
6.04303807e-19
6.04496502e-19
6.04647803e-19
6.04758321e-19
6.04828809e-19
6.04860167e-19
6.04853422e-19
6.04809730e-19
6.04730374e-19
6.04616751e-19
6.04470375e-19
6.04292860e-19
6.04085919e-19
6.03851360e-19
6.03591074e-19
6.03307018e-19
6.03001233e-19
6.02675801e-19
6.02332872e-19
6.01974627e-19
6.01603273e-19
6.01221053e-19
6.00830215e-19
6.00433003e-19
6.00031664e-19
5.99628415e-19
5.99225459e-19
5.98824951e-19
5.98428989e-19
5.98039626e-19
5.97658836e-19
5.97288506e-19
5.96930447e-19
5.96586360e-19
5.96257830e-19
5.95946331e-19
5.95653220e-19
5.95379693e-19
5.95126818e-19
5.94895505e-19
5.94686513e-19
5.94500430e-19
5.94337683e-19
5.94198523e-19
5.94083024e-19
5.93991081e-19
5.93922411e-19
5.93876554e-19
5.93852865e-19
5.93850522e-19
5.93868530e-19
5.93905720e-19
5.93960754e-19
5.94032136e-19
5.94118211e-19
5.94217181e-19
5.94327103e-19
5.94445909e-19
5.94571412e-19
5.94701313e-19
5.94833221e-19
5.94964655e-19
5.95093076e-19
5.95215870e-19
5.95330396e-19
5.95433979e-19
5.95523923e-19
5.95597545e-19
5.95652172e-19
5.95685161e-19
5.95693916e-19
5.95675903e-19
5.95628660e-19
5.95549812e-19
5.95437095e-19
5.95288347e-19
5.95101539e-19
5.94874790e-19
5.94606344e-19
5.94294636e-19
5.93938240e-19
5.93535928e-19
5.93086636e-19
5.92589510e-19
5.92043880e-19
5.91449264e-19
5.90805403e-19
5.90112218e-19
5.89369875e-19
5.88578667e-19
5.87739185e-19
5.86852138e-19
5.85918481e-19
5.84939324e-19
5.83916002e-19
5.82849991e-19
5.81743003e-19
5.80596804e-19
5.79413456e-19
5.78195050e-19
5.76943886e-19
5.75662343e-19
5.74352968e-19
5.73018389e-19
5.71661299e-19
5.70284529e-19
5.68890928e-19
5.67483456e-19
5.66065095e-19
5.64638831e-19
5.63207763e-19
5.61774852e-19
5.60343207e-19
5.58915865e-19
5.57495842e-19
5.56086091e-19
5.54689578e-19
5.53309159e-19
5.51947682e-19
5.50607897e-19
5.49292443e-19
5.48003925e-19
5.46744826e-19
5.45517499e-19
5.44324240e-19
5.43167180e-19
5.42048376e-19
5.40969739e-19
5.39933049e-19
5.38939937e-19
5.37991919e-19
5.37090397e-19
5.36236610e-19
5.35431661e-19
5.34676500e-19
5.33971968e-19
5.33318739e-19
5.32717379e-19
5.32168304e-19
5.31671786e-19
5.31227990e-19
5.30836942e-19
5.30498537e-19
5.30212567e-19
5.29978695e-19
5.29796480e-19
5.29665374e-19
5.29584720e-19
5.29553773e-19
5.29571693e-19
5.29637553e-19
5.29750348e-19
5.29908998e-19
5.30112353e-19
5.30359197e-19
5.30648265e-19
5.30978231e-19
5.31347725e-19
5.31755345e-19
5.32199641e-19
5.32679138e-19
5.33192349e-19
5.33737747e-19
5.34313812e-19
5.34918993e-19
5.35551743e-19
5.36210528e-19
5.36893795e-19
5.37600021e-19
5.38327654e-19
5.39075228e-19
5.39841206e-19
5.40624149e-19
5.41422593e-19
5.42235133e-19
5.43060358e-19
5.43896904e-19
5.44743458e-19
5.45598703e-19
5.46461393e-19
5.47330284e-19
5.48204184e-19
5.49081958e-19
5.49962473e-19
5.50844653e-19
5.51727479e-19
5.52609934e-19
5.53491060e-19
5.54369956e-19
5.55245721e-19
5.56117534e-19
5.56984573e-19
5.57846072e-19
5.58701322e-19
5.59549615e-19
5.60390298e-19
5.61222771e-19
5.62046435e-19
5.62860760e-19
5.63665218e-19
5.64459331e-19
5.65242669e-19
5.66014804e-19
5.66775357e-19
5.67523993e-19
5.68260379e-19
5.68984242e-19
5.69695295e-19
5.70393350e-19
5.71078165e-19
5.71749592e-19
5.72407486e-19
5.73051698e-19
5.73682160e-19
5.74298800e-19
5.74901560e-19
5.75490415e-19
5.76065364e-19
5.76626438e-19
5.77173677e-19
5.77707117e-19
5.78226858e-19
5.78732992e-19
5.79225619e-19
5.79704862e-19
5.80170860e-19
5.80623768e-19
5.81063746e-19
5.81490941e-19
5.81905546e-19
5.82307737e-19
5.82697681e-19
5.83075577e-19
5.83441606e-19
5.83795941e-19
5.84138757e-19
5.84470230e-19
5.84790514e-19
5.85099758e-19
5.85398105e-19
5.85685669e-19
5.85962556e-19
5.86228855e-19
5.86484624e-19
5.86729909e-19
5.86964719e-19
5.87189040e-19
5.87402835e-19
5.87606025e-19
5.87798505e-19
5.87980137e-19
5.88150742e-19
5.88310108e-19
5.88457981e-19
5.88594070e-19
5.88718046e-19
5.88829538e-19
5.88928137e-19
5.89013388e-19
5.89084799e-19
5.89141839e-19
5.89183938e-19
5.89210488e-19
5.89220843e-19
5.89214325e-19
5.89190221e-19
5.89147788e-19
5.89086257e-19
5.89004834e-19
5.88902703e-19
5.88779030e-19
5.88632968e-19
5.88463662e-19
5.88270252e-19
5.88051874e-19
5.87807676e-19
5.87536814e-19
5.87238453e-19
5.86911792e-19
5.86556045e-19
5.86170481e-19
5.85754372e-19
5.85307082e-19
5.84827988e-19
5.84316540e-19
5.83772274e-19
5.83194745e-19
5.82583651e-19
5.81938713e-19
5.81259777e-19
5.80546756e-19
5.79799688e-19
5.79018699e-19
5.78204006e-19
5.77355968e-19
5.76475040e-19
5.75561774e-19
5.74616878e-19
5.73641137e-19
5.72635499e-19
5.71601008e-19
5.70538830e-19
5.69450226e-19
5.68336591e-19
5.67199457e-19
5.66040443e-19
5.64861274e-19
5.63663748e-19
5.62449807e-19
5.61221429e-19
5.59980724e-19
5.58729851e-19
5.57471005e-19
5.56206490e-19
5.54938601e-19
5.53669751e-19
5.52402246e-19
5.51138565e-19
5.49881059e-19
5.48632151e-19
5.47394195e-19
5.46169564e-19
5.44960541e-19
5.43769431e-19
5.42598350e-19
5.41449489e-19
5.40324829e-19
5.39226328e-19
5.38155795e-19
5.37114964e-19
5.36105427e-19
5.35128620e-19
5.34185884e-19
5.33278374e-19
5.32407129e-19
5.31573016e-19
5.30776740e-19
5.30018825e-19
5.29299652e-19
5.28619459e-19
5.27978249e-19
5.27375942e-19
5.26812229e-19
5.26286678e-19
5.25798681e-19
5.25347505e-19
5.24932231e-19
5.24551851e-19
5.24205187e-19
5.23890958e-19
5.23607776e-19
5.23354142e-19
5.23128469e-19
5.22929083e-19
5.22754250e-19
5.22602183e-19
5.22471038e-19
5.22358947e-19
5.22264027e-19
5.22184378e-19
5.22118114e-19
5.22063363e-19
5.22018286e-19
5.21981083e-19
5.21950009e-19
5.21923381e-19
5.21899590e-19
5.21877111e-19
5.21854510e-19
5.21830450e-19
5.21803705e-19
5.21773156e-19
5.21737806e-19
5.21696774e-19
5.21649310e-19
5.21594785e-19
5.21532697e-19
5.21462677e-19
5.21384476e-19
5.21297974e-19
5.21203166e-19
5.21100170e-19
5.20989210e-19
5.20870624e-19
5.20744844e-19
5.20612393e-19
5.20473886e-19
5.20330004e-19
5.20181504e-19
5.20029197e-19
5.19873942e-19
5.19716632e-19
5.19558191e-19
5.19399567e-19
5.19241702e-19
5.19085542e-19
5.18932025e-19
5.18782061e-19
5.18636533e-19
5.18496276e-19
5.18362086e-19
5.18234706e-19
5.18114806e-19
5.18002995e-19
5.17899813e-19
5.17805713e-19
5.17721071e-19
5.17646182e-19
5.17581254e-19
5.17526406e-19
5.17481676e-19
5.17447013e-19
5.17422285e-19
5.17407279e-19
5.17401706e-19
5.17405206e-19
5.17417352e-19
5.17437656e-19
5.17465577e-19
5.17500525e-19
5.17541875e-19
5.17588969e-19
5.17641126e-19
5.17697655e-19
5.17757857e-19
5.17821040e-19
5.17886524e-19
5.17953654e-19
5.18021807e-19
5.18090399e-19
5.18158894e-19
5.18226817e-19
5.18293752e-19
5.18359358e-19
5.18423370e-19
5.18485606e-19
5.18545973e-19
5.18604467e-19
5.18661183e-19
5.18716311e-19
5.18770142e-19
5.18823067e-19
5.18875573e-19
5.18928252e-19
5.18981785e-19
5.19036953e-19
5.19094622e-19
5.19155746e-19
5.19221355e-19
5.19292555e-19
5.19370513e-19
5.19456462e-19
5.19551675e-19
5.19657475e-19
5.19775208e-19
5.19906250e-19
5.20051979e-19
5.20213778e-19
5.20393022e-19
5.20591060e-19
5.20809213e-19
5.21048749e-19
5.21310902e-19
5.21596814e-19
5.21907577e-19
5.22244179e-19
5.22607529e-19
5.22998414e-19
5.23417523e-19
5.23865409e-19
5.24342501e-19
5.24849092e-19
5.25385343e-19
5.25951247e-19
5.26546663e-19
5.27171273e-19
5.27824623e-19
5.28506054e-19
5.29214801e-19
5.29949907e-19
5.30710237e-19
5.31494508e-19
5.32301293e-19
5.33128977e-19
5.33975807e-19
5.34839902e-19
5.35719202e-19
5.36611531e-19
5.37514602e-19
5.38425972e-19
5.39343123e-19
5.40263397e-19
5.41184064e-19
5.42102331e-19
5.43015295e-19
5.43920016e-19
5.44813522e-19
5.45692773e-19
5.46554741e-19
5.47396353e-19
5.48214558e-19
5.49006339e-19
5.49768675e-19
5.50498606e-19
5.51193243e-19
5.51849738e-19
5.52465352e-19
5.53037415e-19
5.53563381e-19
5.54040822e-19
5.54467451e-19
5.54841112e-19
5.55159792e-19
5.55421674e-19
5.55625079e-19
5.55768538e-19
5.55850758e-19
5.55870650e-19
5.55827331e-19
5.55720127e-19
5.55548580e-19
5.55312457e-19
5.55011749e-19
5.54646664e-19
5.54217653e-19
5.53725389e-19
5.53170763e-19
5.52554900e-19
5.51879179e-19
5.51145145e-19
5.50354586e-19
5.49509537e-19
5.48612148e-19
5.47664877e-19
5.46670277e-19
5.45631137e-19
5.44550375e-19
5.43431110e-19
5.42276586e-19
5.41090154e-19
5.39875337e-19
5.38635736e-19
5.37375020e-19
5.36096982e-19
5.34805424e-19
5.33504245e-19
5.32197343e-19
5.30888599e-19
5.29581940e-19
5.28281242e-19
5.26990309e-19
5.25712942e-19
5.24452808e-19
5.23213536e-19
5.21998612e-19
5.20811397e-19
5.19655085e-19
5.18532732e-19
5.17447246e-19
5.16401318e-19
5.15397438e-19
5.14437862e-19
5.13524659e-19
5.12659622e-19
5.11844333e-19
5.11080100e-19
5.10367952e-19
5.09708681e-19
5.09102789e-19
5.08550488e-19
5.08051736e-19
5.07606187e-19
5.07213236e-19
5.06871990e-19
5.06581275e-19
5.06339660e-19
5.06145445e-19
5.05996671e-19
5.05891139e-19
5.05826406e-19
5.05799812e-19
5.05808477e-19
5.05849325e-19
5.05919097e-19
5.06014366e-19
5.06131548e-19
5.06266935e-19
5.06416692e-19
5.06576896e-19
5.06743543e-19
5.06912574e-19
5.07079890e-19
5.07241374e-19
5.07392921e-19
5.07530442e-19
5.07649895e-19
5.07747308e-19
5.07818789e-19
5.07860551e-19
5.07868933e-19
5.07840413e-19
5.07771632e-19
5.07659400e-19
5.07500730e-19
5.07292830e-19
5.07033137e-19
5.06719319e-19
5.06349280e-19
5.05921191e-19
5.05433473e-19
5.04884833e-19
5.04274250e-19
5.03600968e-19
5.02864543e-19
5.02064790e-19
5.01201861e-19
5.00276106e-19
4.99288271e-19
4.98239288e-19
4.97130423e-19
4.95963172e-19
4.94739337e-19
4.93460930e-19
4.92130283e-19
4.90749831e-19
4.89322396e-19
4.87850872e-19
4.86338436e-19
4.84788388e-19
4.83204264e-19
4.81589718e-19
4.79948514e-19
4.78284604e-19
4.76601978e-19
4.74904787e-19
4.73197221e-19
4.71483526e-19
4.69767955e-19
4.68054819e-19
4.66348505e-19
4.64653255e-19
4.62973353e-19
4.61313079e-19
4.59676623e-19
4.58068070e-19
4.56491523e-19
4.54950823e-19
4.53449892e-19
4.51992373e-19
4.50581838e-19
4.49221741e-19
4.47915349e-19
4.46665766e-19
4.45475896e-19
4.44348510e-19
4.43286146e-19
4.42291187e-19
4.41365794e-19
4.40511902e-19
4.39731274e-19
4.39025426e-19
4.38395685e-19
4.37843145e-19
4.37368681e-19
4.36972938e-19
4.36656354e-19
4.36419159e-19
4.36261335e-19
4.36182676e-19
4.36182749e-19
4.36260916e-19
4.36416335e-19
4.36647954e-19
4.36954548e-19
4.37334669e-19
4.37786717e-19
4.38308905e-19
4.38899263e-19
4.39555665e-19
4.40275833e-19
4.41057359e-19
4.41897666e-19
4.42794083e-19
4.43743786e-19
4.44743856e-19
4.45791300e-19
4.46882994e-19
4.48015780e-19
4.49186389e-19
4.50391517e-19
4.51627817e-19
4.52891935e-19
4.54180473e-19
4.55489967e-19
4.56817063e-19
4.58158367e-19
4.59510483e-19
4.60870080e-19
4.62233873e-19
4.63598668e-19
4.64961284e-19
4.66318676e-19
4.67667839e-19
4.69005923e-19
4.70330106e-19
4.71637801e-19
4.72926493e-19
4.74193780e-19
4.75437432e-19
4.76655399e-19
4.77845739e-19
4.79006701e-19
4.80136728e-19
4.81234389e-19
4.82298455e-19
4.83327899e-19
4.84321831e-19
4.85279587e-19
4.86200644e-19
4.87084679e-19
4.87931568e-19
4.88741326e-19
4.89514157e-19
4.90250449e-19
4.90950718e-19
4.91615666e-19
4.92246111e-19
4.92843029e-19
4.93407532e-19
4.93940830e-19
4.94444254e-19
4.94919242e-19
4.95367299e-19
4.95790013e-19
4.96189042e-19
4.96566075e-19
4.96922852e-19
4.97261118e-19
4.97582635e-19
4.97889165e-19
4.98182438e-19
4.98464163e-19
4.98735985e-19
4.98999520e-19
4.99256278e-19
4.99507716e-19
4.99755179e-19
4.99999916e-19
5.00243055e-19
5.00485601e-19
5.00728436e-19
5.00972290e-19
5.01217759e-19
5.01465278e-19
5.01715133e-19
5.01967455e-19
5.02222208e-19
5.02479199e-19
5.02738080e-19
5.02998334e-19
5.03259294e-19
5.03520146e-19
5.03779919e-19
5.04037509e-19
5.04291670e-19
5.04541035e-19
5.04784122e-19
5.05019333e-19
5.05244985e-19
5.05459292e-19
5.05660418e-19
5.05846439e-19
5.06015406e-19
5.06165321e-19
5.06294169e-19
5.06399925e-19
5.06480572e-19
5.06534112e-19
5.06558581e-19
5.06552061e-19
5.06512693e-19
5.06438695e-19
5.06328366e-19
5.06180104e-19
5.05992417e-19
5.05763925e-19
5.05493386e-19
5.05179690e-19
5.04821866e-19
5.04419107e-19
5.03970750e-19
5.03476311e-19
5.02935467e-19
5.02348050e-19
5.01714089e-19
5.01033775e-19
5.00307454e-19
4.99535673e-19
4.98719117e-19
4.97858669e-19
4.96955357e-19
4.96010346e-19
4.95024988e-19
4.94000760e-19
4.92939252e-19
4.91842224e-19
4.90711533e-19
4.89549121e-19
4.88357049e-19
4.87137518e-19
4.85892706e-19
4.84624908e-19
4.83336524e-19
4.82029895e-19
4.80707443e-19
4.79371641e-19
4.78024941e-19
4.76669796e-19
4.75308616e-19
4.73943813e-19
4.72577827e-19
4.71212934e-19
4.69851419e-19
4.68495528e-19
4.67147411e-19
4.65809136e-19
4.64482660e-19
4.63169899e-19
4.61872620e-19
4.60592536e-19
4.59331199e-19
4.58090126e-19
4.56870615e-19
4.55673897e-19
4.54501108e-19
4.53353236e-19
4.52231122e-19
4.51135535e-19
4.50067095e-19
4.49026283e-19
4.48013504e-19
4.47029026e-19
4.46072982e-19
4.45145438e-19
4.44246314e-19
4.43375466e-19
4.42532635e-19
4.41717451e-19
4.40929493e-19
4.40168242e-19
4.39433086e-19
4.38723375e-19
4.38038381e-19
4.37377301e-19
4.36739298e-19
4.36123514e-19
4.35529000e-19
4.34954798e-19
4.34399950e-19
4.33863425e-19
4.33344204e-19
4.32841266e-19
4.32353576e-19
4.31880090e-19
4.31419787e-19
4.30971651e-19
4.30534668e-19
4.30107864e-19
4.29690279e-19
4.29280970e-19
4.28879042e-19
4.28483619e-19
4.28093874e-19
4.27709013e-19
4.27328274e-19
4.26950953e-19
4.26576383e-19
4.26203934e-19
4.25833039e-19
4.25463167e-19
4.25093831e-19
4.24724595e-19
4.24355088e-19
4.23984955e-19
4.23613902e-19
4.23241695e-19
4.22868115e-19
4.22493002e-19
4.22116244e-19
4.21737763e-19
4.21357519e-19
4.20975503e-19
4.20591747e-19
4.20206335e-19
4.19819348e-19
4.19430917e-19
4.19041205e-19
4.18650394e-19
4.18258692e-19
4.17866319e-19
4.17473525e-19
4.17080595e-19
4.16687796e-19
4.16295430e-19
4.15903827e-19
4.15513291e-19
4.15124182e-19
4.14736834e-19
4.14351611e-19
4.13968868e-19
4.13588986e-19
4.13212340e-19
4.12839306e-19
4.12470277e-19
4.12105645e-19
4.11745795e-19
4.11391133e-19
4.11042051e-19
4.10698958e-19
4.10362259e-19
4.10032353e-19
4.09709654e-19
4.09394572e-19
4.09087510e-19
4.08788886e-19
4.08499105e-19
4.08218584e-19
4.07947736e-19
4.07686966e-19
4.07436688e-19
4.07197309e-19
4.06969231e-19
4.06752858e-19
4.06548588e-19
4.06356808e-19
4.06177903e-19
4.06012258e-19
4.05860232e-19
4.05722187e-19
4.05598464e-19
4.05489396e-19
4.05395298e-19
4.05316470e-19
4.05253187e-19
4.05205711e-19
4.05174273e-19
4.05159085e-19
4.05160330e-19
4.05178161e-19
4.05212704e-19
4.05264047e-19
4.05332252e-19
4.05417335e-19
4.05519285e-19
4.05638044e-19
4.05773522e-19
4.05925579e-19
4.06094038e-19
4.06278683e-19
4.06479247e-19
4.06695426e-19
4.06926863e-19
4.07173176e-19
4.07433915e-19
4.07708609e-19
4.07996734e-19
4.08297734e-19
4.08611002e-19
4.08935907e-19
4.09271762e-19
4.09617881e-19
4.09973506e-19
4.10337882e-19
4.10710211e-19
4.11089683e-19
4.11475453e-19
4.11866677e-19
4.12262470e-19
4.12661970e-19
4.13064291e-19
4.13468537e-19
4.13873817e-19
4.14279253e-19
4.14683957e-19
4.15087059e-19
4.15487712e-19
4.15885068e-19
4.16278307e-19
4.16666639e-19
4.17049287e-19
4.17425516e-19
4.17794606e-19
4.18155879e-19
4.18508701e-19
4.18852459e-19
4.19186589e-19
4.19510573e-19
4.19823922e-19
4.20126203e-19
4.20417015e-19
4.20696010e-19
4.20962887e-19
4.21217383e-19
4.21459282e-19
4.21688423e-19
4.21904676e-19
4.22107966e-19
4.22298250e-19
4.22475546e-19
4.22639891e-19
4.22791383e-19
4.22930148e-19
4.23056349e-19
4.23170194e-19
4.23271922e-19
4.23361801e-19
4.23440137e-19
4.23507264e-19
4.23563548e-19
4.23609378e-19
4.23645169e-19
4.23671363e-19
4.23688423e-19
4.23696831e-19
4.23697090e-19
4.23689719e-19
4.23675255e-19
4.23654248e-19
4.23627262e-19
4.23594869e-19
4.23557655e-19
4.23516213e-19
4.23471140e-19
4.23423040e-19
4.23372521e-19
4.23320194e-19
4.23266664e-19
4.23212542e-19
4.23158430e-19
4.23104927e-19
4.23052623e-19
4.23002102e-19
4.22953931e-19
4.22908667e-19
4.22866851e-19
4.22829005e-19
4.22795628e-19
4.22767199e-19
4.22744169e-19
4.22726961e-19
4.22715965e-19
4.22711538e-19
4.22714001e-19
4.22723633e-19
4.22740672e-19
4.22765309e-19
4.22797688e-19
4.22837902e-19
4.22885988e-19
4.22941932e-19
4.23005655e-19
4.23077023e-19
4.23155836e-19
4.23241832e-19
4.23334680e-19
4.23433983e-19
4.23539278e-19
4.23650027e-19
4.23765627e-19
4.23885406e-19
4.24008618e-19
4.24134455e-19
4.24262034e-19
4.24390410e-19
4.24518577e-19
4.24645459e-19
4.24769928e-19
4.24890800e-19
4.25006833e-19
4.25116742e-19
4.25219198e-19
4.25312832e-19
4.25396238e-19
4.25467988e-19
4.25526628e-19
4.25570687e-19
4.25598688e-19
4.25609149e-19
4.25600591e-19
4.25571548e-19
4.25520571e-19
4.25446238e-19
4.25347158e-19
4.25221985e-19
4.25069414e-19
4.24888197e-19
4.24677155e-19
4.24435172e-19
4.24161210e-19
4.23854307e-19
4.23513594e-19
4.23138313e-19
4.22727775e-19
4.22281410e-19
4.21798780e-19
4.21279509e-19
4.20723403e-19
4.20130330e-19
4.19500320e-19
4.18833498e-19
4.18130146e-19
4.17390655e-19
4.16615531e-19
4.15805433e-19
4.14961133e-19
4.14083505e-19
4.13173578e-19
4.12232464e-19
4.11261422e-19
4.10261805e-19
4.09235045e-19
4.08182715e-19
4.07106460e-19
4.06007986e-19
4.04889123e-19
4.03751726e-19
4.02597758e-19
4.01429216e-19
4.00248118e-19
3.99056566e-19
3.97856670e-19
3.96650531e-19
3.95440312e-19
3.94228150e-19
3.93016152e-19
3.91806428e-19
3.90601116e-19
3.89402215e-19
3.88211755e-19
3.87031663e-19
3.85863856e-19
3.84710130e-19
3.83572278e-19
3.82451888e-19
3.81350601e-19
3.80269841e-19
3.79211001e-19
3.78175320e-19
3.77163967e-19
3.76177953e-19
3.75218229e-19
3.74285542e-19
3.73380555e-19
3.72503822e-19
3.71655749e-19
3.70836598e-19
3.70046537e-19
3.69285590e-19
3.68553638e-19
3.67850474e-19
3.67175751e-19
3.66528993e-19
3.65909628e-19
3.65316996e-19
3.64750284e-19
3.64208620e-19
3.63691014e-19
3.63196412e-19
3.62723660e-19
3.62271561e-19
3.61838802e-19
3.61424071e-19
3.61025958e-19
3.60643035e-19
3.60273824e-19
3.59916836e-19
3.59570552e-19
3.59233436e-19
3.58903963e-19
3.58580596e-19
3.58261824e-19
3.57946148e-19
3.57632088e-19
3.57318210e-19
3.57003114e-19
3.56685437e-19
3.56363882e-19
3.56037203e-19
3.55704208e-19
3.55363790e-19
3.55014894e-19
3.54656559e-19
3.54287895e-19
3.53908086e-19
3.53516417e-19
3.53112251e-19
3.52695032e-19
3.52264311e-19
3.51819710e-19
3.51360963e-19
3.50887884e-19
3.50400366e-19
3.49898414e-19
3.49382109e-19
3.48851608e-19
3.48307174e-19
3.47749129e-19
3.47177909e-19
3.46593967e-19
3.45997902e-19
3.45390321e-19
3.44771921e-19
3.44143488e-19
3.43505813e-19
3.42859768e-19
3.42206289e-19
3.41546344e-19
3.40880943e-19
3.40211117e-19
3.39537947e-19
3.38862568e-19
3.38186086e-19
3.37509653e-19
3.36834454e-19
3.36161671e-19
3.35492494e-19
3.34828106e-19
3.34169718e-19
3.33518511e-19
3.32875690e-19
3.32242426e-19
3.31619915e-19
3.31009291e-19
3.30411696e-19
3.29828269e-19
3.29260113e-19
3.28708301e-19
3.28173902e-19
3.27657951e-19
3.27161444e-19
3.26685373e-19
3.26230688e-19
3.25798303e-19
3.25389117e-19
3.25003983e-19
3.24643739e-19
3.24309182e-19
3.24001071e-19
3.23720146e-19
3.23467105e-19
3.23242612e-19
3.23047306e-19
3.22881788e-19
3.22746623e-19
3.22642347e-19
3.22569466e-19
3.22528442e-19
3.22519711e-19
3.22543672e-19
3.22600690e-19
3.22691097e-19
3.22815184e-19
3.22973211e-19
3.23165401e-19
3.23391936e-19
3.23652961e-19
3.23948588e-19
3.24278880e-19
3.24643860e-19
3.25043521e-19
3.25477795e-19
3.25946586e-19
3.26449736e-19
3.26987046e-19
3.27558269e-19
3.28163134e-19
3.28801255e-19
3.29472259e-19
3.30175677e-19
3.30910997e-19
3.31677669e-19
3.32475052e-19
3.33302477e-19
3.34159184e-19
3.35044364e-19
3.35957170e-19
3.36896651e-19
3.37861832e-19
3.38851637e-19
3.39864941e-19
3.40900561e-19
3.41957268e-19
3.43033751e-19
3.44128591e-19
3.45240397e-19
3.46367675e-19
3.47508846e-19
3.48662299e-19
3.49826367e-19
3.50999358e-19
3.52179502e-19
3.53364934e-19
3.54553845e-19
3.55744334e-19
3.56934415e-19
3.58122168e-19
3.59305593e-19
3.60482643e-19
3.61651275e-19
3.62809455e-19
3.63955090e-19
3.65086108e-19
3.66200459e-19
3.67296054e-19
3.68370838e-19
3.69422795e-19
3.70449888e-19
3.71450152e-19
3.72421612e-19
3.73362358e-19
3.74270543e-19
3.75144334e-19
3.75981972e-19
3.76781782e-19
3.77542119e-19
3.78261444e-19
3.78938268e-19
3.79571198e-19
3.80158942e-19
3.80700274e-19
3.81194079e-19
3.81639347e-19
3.82035154e-19
3.82380694e-19
3.82675272e-19
3.82918294e-19
3.83109290e-19
3.83247894e-19
3.83333864e-19
3.83367076e-19
3.83347519e-19
3.83275302e-19
3.83150657e-19
3.82973918e-19
3.82745558e-19
3.82466142e-19
3.82136363e-19
3.81757012e-19
3.81329004e-19
3.80853351e-19
3.80331157e-19
3.79763645e-19
3.79152111e-19
3.78497966e-19
3.77802697e-19
3.77067854e-19
3.76295099e-19
3.75486148e-19
3.74642769e-19
3.73766823e-19
3.72860213e-19
3.71924873e-19
3.70962819e-19
3.69976067e-19
3.68966708e-19
3.67936840e-19
3.66888559e-19
3.65824023e-19
3.64745354e-19
3.63654745e-19
3.62554299e-19
3.61446156e-19
3.60332465e-19
3.59215335e-19
3.58096828e-19
3.56979023e-19
3.55863944e-19
3.54753550e-19
3.53649805e-19
3.52554578e-19
3.51469733e-19
3.50397053e-19
3.49338261e-19
3.48294995e-19
3.47268847e-19
3.46261360e-19
3.45273983e-19
3.44308086e-19
3.43364940e-19
3.42445778e-19
3.41551707e-19
3.40683790e-19
3.39842980e-19
3.39030129e-19
3.38246031e-19
3.37491374e-19
3.36766738e-19
3.36072646e-19
3.35409496e-19
3.34777626e-19
3.34177266e-19
3.33608544e-19
3.33071523e-19
3.32566161e-19
3.32092323e-19
3.31649802e-19
3.31238298e-19
3.30857419e-19
3.30506706e-19
3.30185605e-19
3.29893498e-19
3.29629686e-19
3.29393387e-19
3.29183764e-19
3.28999899e-19
3.28840822e-19
3.28705485e-19
3.28592798e-19
3.28501602e-19
3.28430692e-19
3.28378816e-19
3.28344671e-19
3.28326917e-19
3.28324175e-19
3.28335031e-19
3.28358042e-19
3.28391737e-19
3.28434625e-19
3.28485194e-19
3.28541917e-19
3.28603259e-19
3.28667678e-19
3.28733625e-19
3.28799557e-19
3.28863932e-19
3.28925220e-19
3.28981901e-19
3.29032474e-19
3.29075456e-19
3.29109386e-19
3.29132834e-19
3.29144396e-19
3.29142705e-19
3.29126430e-19
3.29094278e-19
3.29045000e-19
3.28977393e-19
3.28890305e-19
3.28782629e-19
3.28653312e-19
3.28501362e-19
3.28325842e-19
3.28125873e-19
3.27900634e-19
3.27649375e-19
3.27371401e-19
3.27066091e-19
3.26732890e-19
3.26371299e-19
3.25980903e-19
3.25561341e-19
3.25112337e-19
3.24633679e-19
3.24125222e-19
3.23586881e-19
3.23018649e-19
3.22420616e-19
3.21792888e-19
3.21135667e-19
3.20449232e-19
3.19733919e-19
3.18990126e-19
3.18218302e-19
3.17418969e-19
3.16592748e-19
3.15740251e-19
3.14862178e-19
3.13959328e-19
3.13032453e-19
3.12082477e-19
3.11110272e-19
3.10116821e-19
3.09103106e-19
3.08070197e-19
3.07019181e-19
3.05951159e-19
3.04867313e-19
3.03768809e-19
3.02656915e-19
3.01532803e-19
3.00397813e-19
2.99253186e-19
2.98100250e-19
2.96940301e-19
2.95774693e-19
2.94604739e-19
2.93431834e-19
2.92257246e-19
2.91082396e-19
2.89908572e-19
2.88737133e-19
2.87569376e-19
2.86406636e-19
2.85250207e-19
2.84101338e-19
2.82961309e-19
2.81831326e-19
2.80712614e-19
2.79606350e-19
2.78513675e-19
2.77435676e-19
2.76373427e-19
2.75328010e-19
2.74300353e-19
2.73291478e-19
2.72302255e-19
2.71333572e-19
2.70386233e-19
2.69461033e-19
2.68558701e-19
2.67679898e-19
2.66825276e-19
2.65995417e-19
2.65190836e-19
2.64412036e-19
2.63659449e-19
2.62933448e-19
2.62234370e-19
2.61562536e-19
2.60918159e-19
2.60301439e-19
2.59712555e-19
2.59151581e-19
2.58618621e-19
2.58113682e-19
2.57636766e-19
2.57187819e-19
2.56766771e-19
2.56373512e-19
2.56007893e-19
2.55669755e-19
2.55358906e-19
2.55075124e-19
2.54818182e-19
2.54587823e-19
2.54383785e-19
2.54205789e-19
2.54053543e-19
2.53926755e-19
2.53825124e-19
2.53748344e-19
2.53696116e-19
2.53668136e-19
2.53664110e-19
2.53683745e-19
2.53726759e-19
2.53792880e-19
2.53881847e-19
2.53993406e-19
2.54127330e-19
2.54283391e-19
2.54461388e-19
2.54661131e-19
2.54882451e-19
2.55125188e-19
2.55389203e-19
2.55674380e-19
2.55980606e-19
2.56307790e-19
2.56655861e-19
2.57024748e-19
2.57414407e-19
2.57824787e-19
2.58255854e-19
2.58707588e-19
2.59179956e-19
2.59672935e-19
2.60186513e-19
2.60720651e-19
2.61275316e-19
2.61850477e-19
2.62446080e-19
2.63062030e-19
2.63698262e-19
2.64354667e-19
2.65031080e-19
2.65727366e-19
2.66443331e-19
2.67178728e-19
2.67933290e-19
2.68706708e-19
2.69498646e-19
2.70308706e-19
2.71136405e-19
2.71981280e-19
2.72842777e-19
2.73720270e-19
2.74613092e-19
2.75520518e-19
2.76441780e-19
2.77376032e-19
2.78322324e-19
2.79279725e-19
2.80247199e-19
2.81223609e-19
2.82207856e-19
2.83198660e-19
2.84194782e-19
2.85194863e-19
2.86197532e-19
2.87201319e-19
2.88204725e-19
2.89206226e-19
2.90204209e-19
2.91197042e-19
2.92183075e-19
2.93160585e-19
2.94127861e-19
2.95083128e-19
2.96024613e-19
2.96950548e-19
2.97859119e-19
2.98748527e-19
2.99616998e-19
3.00462727e-19
3.01283963e-19
3.02078939e-19
3.02845932e-19
3.03583272e-19
3.04289292e-19
3.04962390e-19
3.05601028e-19
3.06203695e-19
3.06768960e-19
3.07295471e-19
3.07781925e-19
3.08227122e-19
3.08629923e-19
3.08989290e-19
3.09304284e-19
3.09574048e-19
3.09797838e-19
3.09975002e-19
3.10105010e-19
3.10187427e-19
3.10221941e-19
3.10208346e-19
3.10146556e-19
3.10036599e-19
3.09878623e-19
3.09672885e-19
3.09419770e-19
3.09119767e-19
3.08773493e-19
3.08381674e-19
3.07945137e-19
3.07464837e-19
3.06941828e-19
3.06377255e-19
3.05772387e-19
3.05128578e-19
3.04447262e-19
3.03729988e-19
3.02978359e-19
3.02194088e-19
3.01378949e-19
3.00534764e-19
2.99663454e-19
2.98766960e-19
2.97847333e-19
2.96906571e-19
2.95946830e-19
2.94970200e-19
2.93978857e-19
2.92974959e-19
2.91960718e-19
2.90938335e-19
2.89909990e-19
2.88877903e-19
2.87844242e-19
2.86811202e-19
2.85780933e-19
2.84755539e-19
2.83737132e-19
2.82727766e-19
2.81729430e-19
2.80744108e-19
2.79773710e-19
2.78820069e-19
2.77884998e-19
2.76970203e-19
2.76077363e-19
2.75208063e-19
2.74363795e-19
2.73546010e-19
2.72756059e-19
2.71995193e-19
2.71264612e-19
2.70565398e-19
2.69898571e-19
2.69265051e-19
2.68665649e-19
2.68101114e-19
2.67572090e-19
2.67079116e-19
2.66622662e-19
2.66203094e-19
2.65820680e-19
2.65475613e-19
2.65167982e-19
2.64897799e-19
2.64664984e-19
2.64469365e-19
2.64310696e-19
2.64188642e-19
2.64102792e-19
2.64052650e-19
2.64037654e-19
2.64057158e-19
2.64110454e-19
2.64196757e-19
2.64315224e-19
2.64464946e-19
2.64644947e-19
2.64854210e-19
2.65091642e-19
2.65356119e-19
2.65646454e-19
2.65961426e-19
2.66299761e-19
2.66660150e-19
2.67041257e-19
2.67441696e-19
2.67860069e-19
2.68294933e-19
2.68744831e-19
2.69208284e-19
2.69683805e-19
2.70169884e-19
2.70664976e-19
2.71167571e-19
2.71676129e-19
2.72189098e-19
2.72704935e-19
2.73222098e-19
2.73739062e-19
2.74254295e-19
2.74766256e-19
2.75273457e-19
2.75774401e-19
2.76267599e-19
2.76751590e-19
2.77224932e-19
2.77686218e-19
2.78134043e-19
2.78567048e-19
2.78983883e-19
2.79383238e-19
2.79763840e-19
2.80124436e-19
2.80463818e-19
2.80780803e-19
2.81074249e-19
2.81343055e-19
2.81586164e-19
2.81802552e-19
2.81991229e-19
2.82151264e-19
2.82281763e-19
2.82381869e-19
2.82450779e-19
2.82487732e-19
2.82492017e-19
2.82462965e-19
2.82399960e-19
2.82302429e-19
2.82169849e-19
2.82001755e-19
2.81797712e-19
2.81557359e-19
2.81280365e-19
2.80966461e-19
2.80615419e-19
2.80227074e-19
2.79801304e-19
2.79338031e-19
2.78837242e-19
2.78298970e-19
2.77723283e-19
2.77110310e-19
2.76460258e-19
2.75773332e-19
2.75049824e-19
2.74290046e-19
2.73494392e-19
2.72663268e-19
2.71797181e-19
2.70896613e-19
2.69962128e-19
2.68994353e-19
2.67993943e-19
2.66961572e-19
2.65898003e-19
2.64804016e-19
2.63680410e-19
2.62528068e-19
2.61347866e-19
2.60140763e-19
2.58907732e-19
2.57649780e-19
2.56367918e-19
2.55063215e-19
2.53736828e-19
2.52389830e-19
2.51023373e-19
2.49638669e-19
2.48236920e-19
2.46819322e-19
2.45387179e-19
2.43941663e-19
2.42484144e-19
2.41015822e-19
2.39538093e-19
2.38052210e-19
2.36559526e-19
2.35061369e-19
2.33559039e-19
2.32053868e-19
2.30547254e-19
2.29040463e-19
2.27534819e-19
2.26031705e-19
2.24532366e-19
2.23038101e-19
2.21550225e-19
2.20070007e-19
2.18598668e-19
2.17137469e-19
2.15687620e-19
2.14250275e-19
2.12826624e-19
2.11417798e-19
2.10024867e-19
2.08648931e-19
2.07290993e-19
2.05952082e-19
