# Generated by CAESAR Pro Ultimate
# Gas: CHOCHO
# Math: Dynamic-ILS-Applied
4.21388962e-20
4.22652475e-20
4.23956554e-20
4.25303695e-20
4.26696396e-20
4.28136953e-20
4.29627724e-20
4.31170888e-20
4.32768550e-20
4.34422727e-20
4.36135239e-20
4.37907829e-20
4.39742008e-20
4.41639152e-20
4.43600490e-20
4.45626979e-20
4.47719448e-20
4.49878381e-20
4.52104251e-20
4.54397027e-20
4.56756658e-20
4.59182752e-20
4.61674556e-20
4.64231247e-20
4.66851637e-20
4.69534158e-20
4.72277232e-20
4.75078679e-20
4.77936318e-20
4.80847524e-20
4.83809516e-20
4.86819123e-20
4.89872971e-20
4.92967487e-20
4.96098725e-20
4.99262620e-20
5.02454748e-20
5.05670524e-20
5.08905152e-20
5.12153706e-20
5.15411009e-20
5.18671584e-20
5.21930127e-20
5.25180804e-20
5.28417991e-20
5.31635764e-20
5.34828246e-20
5.37989369e-20
5.41113084e-20
5.44193383e-20
5.47224127e-20
5.50199261e-20
5.53112823e-20
5.55958795e-20
5.58731297e-20
5.61424605e-20
5.64033056e-20
5.66551029e-20
5.68973271e-20
5.71294598e-20
5.73509941e-20
5.75614626e-20
5.77604118e-20
5.79474094e-20
5.81220538e-20
5.82839744e-20
5.84328229e-20
5.85682851e-20
5.86900804e-20
5.87979553e-20
5.88916925e-20
5.89711099e-20
5.90360561e-20
5.90864177e-20
5.91221137e-20
5.91430998e-20
5.91493669e-20
5.91409402e-20
5.91178802e-20
5.90802806e-20
5.90282701e-20
5.89620097e-20
5.88816911e-20
5.87875378e-20
5.86798079e-20
5.85587805e-20
5.84247655e-20
5.82781053e-20
5.81191558e-20
5.79483009e-20
5.77659500e-20
5.75725294e-20
5.73684790e-20
5.71542675e-20
5.69303568e-20
5.66972477e-20
5.64554245e-20
5.62054089e-20
5.59477056e-20
5.56828394e-20
5.54113339e-20
5.51337086e-20
5.48504887e-20
5.45622094e-20
5.42693799e-20
5.39725159e-20
5.36721334e-20
5.33687351e-20
5.30628151e-20
5.27548514e-20
5.24453236e-20
5.21346871e-20
5.18233974e-20
5.15118903e-20
5.12005814e-20
5.08898845e-20
5.05801864e-20
5.02718771e-20
4.99653008e-20
4.96608234e-20
4.93587649e-20
4.90594488e-20
4.87631716e-20
4.84702276e-20
4.81808852e-20
4.78954168e-20
4.76140589e-20
4.73370476e-20
4.70646128e-20
4.67969681e-20
4.65343119e-20
4.62768442e-20
4.60247513e-20
4.57782072e-20
4.55373894e-20
4.53024600e-20
4.50735906e-20
4.48509255e-20
4.46346334e-20
4.44248583e-20
4.42217518e-20
4.40254723e-20
4.38361619e-20
4.36539717e-20
4.34790569e-20
4.33115704e-20
4.31516668e-20
4.29995001e-20
4.28552300e-20
4.27190240e-20
4.25910413e-20
4.24714497e-20
4.23604219e-20
4.22581305e-20
4.21647505e-20
4.20804574e-20
4.20054323e-20
4.19398543e-20
4.18839064e-20
4.18377707e-20
4.18016282e-20
4.17756612e-20
4.17600493e-20
4.17549712e-20
4.17606018e-20
4.17771131e-20
4.18046731e-20
4.18434453e-20
4.18935850e-20
4.19552461e-20
4.20285684e-20
4.21136901e-20
4.22107364e-20
4.23198267e-20
4.24410636e-20
4.25745510e-20
4.27203660e-20
4.28785875e-20
4.30492764e-20
4.32324773e-20
4.34282242e-20
4.36365372e-20
4.38574273e-20
4.40908821e-20
4.43368840e-20
4.45953911e-20
4.48663511e-20
4.51497029e-20
4.54453595e-20
4.57532309e-20
4.60732005e-20
4.64051431e-20
4.67489199e-20
4.71043855e-20
4.74713747e-20
4.78496941e-20
4.82391680e-20
4.86395943e-20
4.90507513e-20
4.94724145e-20
4.99043495e-20
5.03463212e-20
5.07980779e-20
5.12593410e-20
5.17298615e-20
5.22093657e-20
5.26975547e-20
5.31941630e-20
5.36989021e-20
5.42114690e-20
5.47315681e-20
5.52589119e-20
5.57931903e-20
5.63341024e-20
5.68813582e-20
5.74346455e-20
5.79936637e-20
5.85581243e-20
5.91277177e-20
5.97021588e-20
6.02811410e-20
6.08643717e-20
6.14515720e-20
6.20424419e-20
6.26366954e-20
6.32340608e-20
6.38342446e-20
6.44369794e-20
6.50419750e-20
6.56489549e-20
6.62576558e-20
6.68677907e-20
6.74790846e-20
6.80912749e-20
6.87040731e-20
6.93172014e-20
6.99303925e-20
7.05433637e-20
7.11558040e-20
7.17674479e-20
7.23779877e-20
7.29871349e-20
7.35945701e-20
7.41999916e-20
7.48030655e-20
7.54034623e-20
7.60008435e-20
7.65948736e-20
7.71851951e-20
7.77714168e-20
7.83531847e-20
7.89301101e-20
7.95017707e-20
8.00677908e-20
8.06277152e-20
8.11811347e-20
8.17275959e-20
8.22666572e-20
8.27978454e-20
8.33206892e-20
8.38347188e-20
8.43394359e-20
8.48343557e-20
8.53189574e-20
8.57927646e-20
8.62552389e-20
8.67058874e-20
8.71441967e-20
8.75696369e-20
8.79817149e-20
8.83799237e-20
8.87637535e-20
8.91327106e-20
8.94863102e-20
8.98240850e-20
9.01455732e-20
9.04503156e-20
9.07378951e-20
9.10079003e-20
9.12599306e-20
9.14936338e-20
9.17086531e-20
9.19046818e-20
9.20814286e-20
9.22386402e-20
9.23760887e-20
9.24935838e-20
9.25909727e-20
9.26681352e-20
9.27249929e-20
9.27615043e-20
9.27776723e-20
9.27735388e-20
9.27491898e-20
9.27047551e-20
9.26404071e-20
9.25563651e-20
9.24528900e-20
9.23302942e-20
9.21889228e-20
9.20291810e-20
9.18515037e-20
9.16563785e-20
9.14443280e-20
9.12159243e-20
9.09717757e-20
9.07125239e-20
9.04388576e-20
9.01514901e-20
8.98511793e-20
8.95387086e-20
8.92148836e-20
8.88805557e-20
8.85365665e-20
8.81838124e-20
8.78231942e-20
8.74556281e-20
8.70820343e-20
8.67033569e-20
8.63205302e-20
8.59345062e-20
8.55462283e-20
8.51566272e-20
8.47666415e-20
8.43771910e-20
8.39891726e-20
8.36034814e-20
8.32209755e-20
8.28425043e-20
8.24688821e-20
8.21008927e-20
8.17392793e-20
8.13847572e-20
8.10380099e-20
8.06996728e-20
8.03703383e-20
8.00505474e-20
7.97408072e-20
7.94415637e-20
7.91532256e-20
7.88761441e-20
7.86106133e-20
7.83568861e-20
7.81151564e-20
7.78855607e-20
7.76681922e-20
7.74630823e-20
7.72702191e-20
7.70895349e-20
7.69209089e-20
7.67641782e-20
7.66191294e-20
7.64855010e-20
7.63629936e-20
7.62512615e-20
7.61499250e-20
7.60585655e-20
7.59767293e-20
7.59039357e-20
7.58396744e-20
7.57834096e-20
7.57345869e-20
7.56926325e-20
7.56569575e-20
7.56269639e-20
7.56020445e-20
7.55815897e-20
7.55649884e-20
7.55516327e-20
7.55409219e-20
7.55322646e-20
7.55250834e-20
7.55188168e-20
7.55129238e-20
7.55068859e-20
7.55002104e-20
7.54924331e-20
7.54831211e-20
7.54718752e-20
7.54583316e-20
7.54421649e-20
7.54230889e-20
7.54008595e-20
7.53752752e-20
7.53461777e-20
7.53134550e-20
7.52770400e-20
7.52369111e-20
7.51930945e-20
7.51456621e-20
7.50947308e-20
7.50404651e-20
7.49830720e-20
7.49228048e-20
7.48599583e-20
7.47948673e-20
7.47279085e-20
7.46594951e-20
7.45900747e-20
7.45201309e-20
7.44501756e-20
7.43807518e-20
7.43124269e-20
7.42457896e-20
7.41814513e-20
7.41200386e-20
7.40621906e-20
7.40085589e-20
7.39598000e-20
7.39165770e-20
7.38795484e-20
7.38493747e-20
7.38267063e-20
7.38121850e-20
7.38064399e-20
7.38100825e-20
7.38237058e-20
7.38478794e-20
7.38831475e-20
7.39300255e-20
7.39889992e-20
7.40605204e-20
7.41450011e-20
7.42428215e-20
7.43543193e-20
7.44797876e-20
7.46194782e-20
7.47735981e-20
7.49423125e-20
7.51257371e-20
7.53239328e-20
7.55369284e-20
7.57646982e-20
7.60071596e-20
7.62642023e-20
7.65356616e-20
7.68213219e-20
7.71209294e-20
7.74341949e-20
7.77607769e-20
7.81003016e-20
7.84523672e-20
7.88165242e-20
7.91922998e-20
7.95792016e-20
7.99766970e-20
8.03842484e-20
8.08012839e-20
8.12272254e-20
8.16614931e-20
8.21034828e-20
8.25525958e-20
8.30082435e-20
8.34698235e-20
8.39367604e-20
8.44084723e-20
8.48844026e-20
8.53640144e-20
8.58468039e-20
8.63322845e-20
8.68199896e-20
8.73094956e-20
8.78004151e-20
8.82924094e-20
8.87851612e-20
8.92784169e-20
8.97719482e-20
9.02655839e-20
9.07592116e-20
9.12527483e-20
9.17461711e-20
9.22395181e-20
9.27328580e-20
9.32263298e-20
9.37201023e-20
9.42144033e-20
9.47095178e-20
9.52057567e-20
9.57034846e-20
9.62031179e-20
9.67050913e-20
9.72098962e-20
9.77180257e-20
9.82300538e-20
9.87465180e-20
9.92680297e-20
9.97951971e-20
1.00328620e-19
1.00868962e-19
1.01416823e-19
1.01972862e-19
1.02537696e-19
1.03111957e-19
1.03696239e-19
1.04291127e-19
1.04897197e-19
1.05514970e-19
1.06144946e-19
1.06787602e-19
1.07443347e-19
1.08112569e-19
1.08795582e-19
1.09492658e-19
1.10204011e-19
1.10929811e-19
1.11670150e-19
1.12425040e-19
1.13194437e-19
1.13978228e-19
1.14776242e-19
1.15588204e-19
1.16413795e-19
1.17252586e-19
1.18104090e-19
1.18967757e-19
1.19842928e-19
1.20728901e-19
1.21624844e-19
1.22529942e-19
1.23443194e-19
1.24363621e-19
1.25290116e-19
1.26221543e-19
1.27156659e-19
1.28094200e-19
1.29032780e-19
1.29971054e-19
1.30907507e-19
1.31840669e-19
1.32768965e-19
1.33690817e-19
1.34604571e-19
1.35508554e-19
1.36401085e-19
1.37280420e-19
1.38144828e-19
1.38992530e-19
1.39821752e-19
1.40630715e-19
1.41417657e-19
1.42180799e-19
1.42918347e-19
1.43628593e-19
1.44309765e-19
1.44960186e-19
1.45578170e-19
1.46162091e-19
1.46710333e-19
1.47221380e-19
1.47693706e-19
1.48125892e-19
1.48516561e-19
1.48864397e-19
1.49168165e-19
1.49426707e-19
1.49638951e-19
1.49803901e-19
1.49920651e-19
1.49988398e-19
1.50006428e-19
1.49974130e-19
1.49890997e-19
1.49756626e-19
1.49570725e-19
1.49333115e-19
1.49043720e-19
1.48702598e-19
1.48309885e-19
1.47865869e-19
1.47370940e-19
1.46825602e-19
1.46230463e-19
1.45586263e-19
1.44893832e-19
1.44154148e-19
1.43368223e-19
1.42537267e-19
1.41662507e-19
1.40745298e-19
1.39787109e-19
1.38789478e-19
1.37754026e-19
1.36682428e-19
1.35576476e-19
1.34437981e-19
1.33268860e-19
1.32071063e-19
1.30846559e-19
1.29597407e-19
1.28325650e-19
1.27033405e-19
1.25722787e-19
1.24395918e-19
1.23054900e-19
1.21701859e-19
1.20338966e-19
1.18968268e-19
1.17591840e-19
1.16211761e-19
1.14830041e-19
1.13448653e-19
1.12069493e-19
1.10694431e-19
1.09325338e-19
1.07963910e-19
1.06611831e-19
1.05270771e-19
1.03942217e-19
1.02627633e-19
1.01328431e-19
1.00045915e-19
9.87812790e-20
9.75356856e-20
9.63101861e-20
9.51057218e-20
9.39231989e-20
9.27634136e-20
9.16270555e-20
9.05147789e-20
8.94271115e-20
8.83645478e-20
8.73274828e-20
8.63162180e-20
8.53310260e-20
8.43720908e-20
8.34395136e-20
8.25333742e-20
8.16536580e-20
8.08003346e-20
7.99733060e-20
7.91724134e-20
7.83974911e-20
7.76483195e-20
7.69246326e-20
7.62261660e-20
7.55526160e-20
7.49036452e-20
7.42789270e-20
7.36780963e-20
7.31008034e-20
7.25466803e-20
7.20153454e-20
7.15064401e-20
7.10195876e-20
7.05544466e-20
7.01106365e-20
6.96878428e-20
6.92857183e-20
6.89039561e-20
6.85422486e-20
6.82003208e-20
6.78779008e-20
6.75747551e-20
6.72906384e-20
6.70253609e-20
6.67787242e-20
6.65505659e-20
6.63407336e-20
6.61491032e-20
6.59755646e-20
6.58200224e-20
6.56824056e-20
6.55626532e-20
6.54607265e-20
6.53765902e-20
6.53102332e-20
6.52616473e-20
6.52308383e-20
6.52178190e-20
6.52226097e-20
6.52452361e-20
6.52857268e-20
6.53441125e-20
6.54204245e-20
6.55146947e-20
6.56269490e-20
6.57572133e-20
6.59055024e-20
6.60718296e-20
6.62561889e-20
6.64585783e-20
6.66789778e-20
6.69173495e-20
6.71736453e-20
6.74478072e-20
6.77397506e-20
6.80493779e-20
6.83765806e-20
6.87212177e-20
6.90831345e-20
6.94621638e-20
6.98581022e-20
7.02707402e-20
7.06998304e-20
7.11451108e-20
7.16063068e-20
7.20831030e-20
7.25751705e-20
7.30821689e-20
7.36037155e-20
7.41394274e-20
7.46888788e-20
7.52516344e-20
7.58272511e-20
7.64152439e-20
7.70151213e-20
7.76263877e-20
7.82485074e-20
7.88809555e-20
7.95231686e-20
8.01745845e-20
8.08346313e-20
8.15027428e-20
8.21783332e-20
8.28607841e-20
8.35495442e-20
8.42439777e-20
8.49435208e-20
8.56475707e-20
8.63555593e-20
8.70668975e-20
8.77810210e-20
8.84973927e-20
8.92154611e-20
8.99347061e-20
9.06546419e-20
9.13747744e-20
9.20946481e-20
9.28138477e-20
9.35319708e-20
9.42486152e-20
9.49634689e-20
9.56762232e-20
9.63865754e-20
9.70943311e-20
9.77992462e-20
9.85011874e-20
9.92000172e-20
9.98956665e-20
1.00588078e-19
1.01277250e-19
1.01963235e-19
1.02646097e-19
1.03325956e-19
1.04002984e-19
1.04677364e-19
1.05349345e-19
1.06019182e-19
1.06687180e-19
1.07353691e-19
1.08019067e-19
1.08683705e-19
1.09348039e-19
1.10012497e-19
1.10677558e-19
1.11343687e-19
1.12011375e-19
1.12681125e-19
1.13353459e-19
1.14028884e-19
1.14707896e-19
1.15390994e-19
1.16078671e-19
1.16771416e-19
1.17469673e-19
1.18173892e-19
1.18884465e-19
1.19601769e-19
1.20326159e-19
1.21057920e-19
1.21797310e-19
1.22544553e-19
1.23299792e-19
1.24063146e-19
1.24834645e-19
1.25614271e-19
1.26401960e-19
1.27197548e-19
1.28000817e-19
1.28811495e-19
1.29629203e-19
1.30453522e-19
1.31283921e-19
1.32119811e-19
1.32960527e-19
1.33805341e-19
1.34653435e-19
1.35503878e-19
1.36355754e-19
1.37207967e-19
1.38059439e-19
1.38908973e-19
1.39755338e-19
1.40597211e-19
1.41433226e-19
1.42261979e-19
1.43081985e-19
1.43891732e-19
1.44689682e-19
1.45474235e-19
1.46243794e-19
1.46996709e-19
1.47731332e-19
1.48446007e-19
1.49139106e-19
1.49808937e-19
1.50453890e-19
1.51072337e-19
1.51662693e-19
1.52223419e-19
1.52752997e-19
1.53249984e-19
1.53712973e-19
1.54140635e-19
1.54531723e-19
1.54885050e-19
1.55199536e-19
1.55474170e-19
1.55708072e-19
1.55900433e-19
1.56050579e-19
1.56157936e-19
1.56222057e-19
1.56242612e-19
1.56219396e-19
1.56152336e-19
1.56041484e-19
1.55887032e-19
1.55689291e-19
1.55448715e-19
1.55165880e-19
1.54841501e-19
1.54476421e-19
1.54071594e-19
1.53628116e-19
1.53147184e-19
1.52630125e-19
1.52078371e-19
1.51493454e-19
1.50876991e-19
1.50230701e-19
1.49556415e-19
1.48855986e-19
1.48131362e-19
1.47384565e-19
1.46617657e-19
1.45832722e-19
1.45031930e-19
1.44217392e-19
1.43391335e-19
1.42555905e-19
1.41713281e-19
1.40865647e-19
1.40015148e-19
1.39163895e-19
1.38313947e-19
1.37467347e-19
1.36626046e-19
1.35791967e-19
1.34966943e-19
1.34152712e-19
1.33350957e-19
1.32563238e-19
1.31791050e-19
1.31035765e-19
1.30298648e-19
1.29580838e-19
1.28883372e-19
1.28207196e-19
1.27553063e-19
1.26921686e-19
1.26313583e-19
1.25729187e-19
1.25168781e-19
1.24632553e-19
1.24120513e-19
1.23632611e-19
1.23168623e-19
1.22728227e-19
1.22310991e-19
1.21916364e-19
1.21543683e-19
1.21192173e-19
1.20860973e-19
1.20549115e-19
1.20255552e-19
1.19979145e-19
1.19718673e-19
1.19472852e-19
1.19240324e-19
1.19019678e-19
1.18809446e-19
1.18608116e-19
1.18414130e-19
1.18225904e-19
1.18041837e-19
1.17860291e-19
1.17679630e-19
1.17498212e-19
1.17314398e-19
1.17126557e-19
1.16933071e-19
1.16732352e-19
1.16522833e-19
1.16302992e-19
1.16071338e-19
1.15826443e-19
1.15566912e-19
1.15291416e-19
1.14998696e-19
1.14687556e-19
1.14356865e-19
1.14005580e-19
1.13632735e-19
1.13237436e-19
1.12818894e-19
1.12376400e-19
1.11909329e-19
1.11417167e-19
1.10899476e-19
1.10355937e-19
1.09786319e-19
1.09190474e-19
1.08568381e-19
1.07920104e-19
1.07245791e-19
1.06545716e-19
1.05820218e-19
1.05069764e-19
1.04294897e-19
1.03496236e-19
1.02674518e-19
1.01830554e-19
1.00965217e-19
1.00079494e-19
9.91744337e-20
9.82511356e-20
9.73108061e-20
9.63546776e-20
9.53840815e-20
9.44003857e-20
9.34049884e-20
9.23993752e-20
9.13850322e-20
9.03635452e-20
8.93364268e-20
8.83053438e-20
8.72718791e-20
8.62376969e-20
8.52044315e-20
8.41737680e-20
8.31473728e-20
8.21268904e-20
8.11140014e-20
8.01103343e-20
7.91175450e-20
7.81372498e-20
7.71710227e-20
7.62204521e-20
7.52870763e-20
7.43723820e-20
7.34778585e-20
7.26049366e-20
7.17549883e-20
7.09293777e-20
7.01293883e-20
6.93562894e-20
6.86112834e-20
6.78955071e-20
6.72100756e-20
6.65560217e-20
6.59343646e-20
6.53460045e-20
6.47918619e-20
6.42727420e-20
6.37894299e-20
6.33426358e-20
6.29330351e-20
6.25612395e-20
6.22278016e-20
6.19332375e-20
6.16779996e-20
6.14625030e-20
6.12871082e-20
6.11521273e-20
6.10578344e-20
6.10044564e-20
6.09921793e-20
6.10211511e-20
6.10914810e-20
6.12032452e-20
6.13564827e-20
6.15512065e-20
6.17873927e-20
6.20649929e-20
6.23839397e-20
6.27441305e-20
6.31454459e-20
6.35877568e-20
6.40708989e-20
6.45947114e-20
6.51589987e-20
6.57635626e-20
6.64082083e-20
6.70927066e-20
6.78168331e-20
6.85803742e-20
6.93830815e-20
7.02247185e-20
7.11050660e-20
7.20238882e-20
7.29809105e-20
7.39759374e-20
7.50087395e-20
7.60790465e-20
7.71866792e-20
7.83314224e-20
7.95130417e-20
8.07313318e-20
8.19860939e-20
8.32771637e-20
8.46043591e-20
8.59674480e-20
8.73663167e-20
8.88008046e-20
9.02707268e-20
9.17759332e-20
9.33162796e-20
9.48916599e-20
9.65019078e-20
9.81469266e-20
9.98265550e-20
1.01540702e-19
1.03289170e-19
1.05071903e-19
1.06888775e-19
1.08739616e-19
1.10624287e-19
1.12542683e-19
1.14494611e-19
1.16479908e-19
1.18498437e-19
1.20549969e-19
1.22634297e-19
1.24751238e-19
1.26900505e-19
1.29081876e-19
1.31295012e-19
1.33539595e-19
1.35815321e-19
1.38121766e-19
1.40458513e-19
1.42825160e-19
1.45221171e-19
1.47646015e-19
1.50099168e-19
1.52580013e-19
1.55087779e-19
1.57621852e-19
1.60181464e-19
1.62765683e-19
1.65373733e-19
1.68004675e-19
1.70657450e-19
1.73330992e-19
1.76024224e-19
1.78735890e-19
1.81464722e-19
1.84209434e-19
1.86968555e-19
1.89740595e-19
1.92524046e-19
1.95317205e-19
1.98118407e-19
2.00925787e-19
2.03737459e-19
2.06551509e-19
2.09365824e-19
2.12178264e-19
2.14986661e-19
2.17788647e-19
2.20581823e-19
2.23363764e-19
2.26131899e-19
2.28883460e-19
2.31615823e-19
2.34326164e-19
2.37011469e-19
2.39668865e-19
2.42295291e-19
2.44887556e-19
2.47442452e-19
2.49956703e-19
2.52427020e-19
2.54849996e-19
2.57222075e-19
2.59539847e-19
2.61799754e-19
2.63998156e-19
2.66131428e-19
2.68195920e-19
2.70188008e-19
2.72104008e-19
2.73940165e-19
2.75692886e-19
2.77358514e-19
2.78933358e-19
2.80413926e-19
2.81796587e-19
2.83077921e-19
2.84254492e-19
2.85322997e-19
2.86280182e-19
2.87122924e-19
2.87848230e-19
2.88453209e-19
2.88935126e-19
2.89291411e-19
2.89519638e-19
2.89617575e-19
2.89583169e-19
2.89414574e-19
2.89110148e-19
2.88668476e-19
2.88088375e-19
2.87368882e-19
2.86509308e-19
2.85509187e-19
2.84368353e-19
2.83086888e-19
2.81665119e-19
2.80103703e-19
2.78403549e-19
2.76565809e-19
2.74591991e-19
2.72483848e-19
2.70243365e-19
2.67872845e-19
2.65374971e-19
2.62752493e-19
2.60008577e-19
2.57146533e-19
2.54170038e-19
2.51082884e-19
2.47889285e-19
2.44593344e-19
2.41199771e-19
2.37713126e-19
2.34138359e-19
2.30480437e-19
2.26744625e-19
2.22936169e-19
2.19060672e-19
2.15123432e-19
2.11130320e-19
2.07086863e-19
2.02998884e-19
1.98872071e-19
1.94712294e-19
1.90525335e-19
1.86316870e-19
1.82092708e-19
1.77858430e-19
1.73619812e-19
1.69382100e-19
1.65150971e-19
1.60931542e-19
1.56729068e-19
1.52548483e-19
1.48394743e-19
1.44272462e-19
1.40186336e-19
1.36140450e-19
1.32139198e-19
1.28186356e-19
1.24285736e-19
1.20440775e-19
1.16654851e-19
1.12930960e-19
1.09272102e-19
1.05680745e-19
1.02159284e-19
9.87099543e-20
9.53346920e-20
9.20351378e-20
8.88128489e-20
8.56690921e-20
8.26048561e-20
7.96210488e-20
7.67183066e-20
7.38970098e-20
7.11574657e-20
6.84996808e-20
6.59235968e-20
6.34289281e-20
6.10151780e-20
5.86817997e-20
5.64280491e-20
5.42530024e-20
5.21557019e-20
5.01349833e-20
4.81896597e-20
4.63184006e-20
4.45197479e-20
4.27922387e-20
4.11342972e-20
3.95442506e-20
3.80204377e-20
3.65610836e-20
3.51644642e-20
3.38286754e-20
3.25519587e-20
3.13323974e-20
3.01681195e-20
2.90572918e-20
2.79979855e-20
2.69883264e-20
2.60264702e-20
2.51105646e-20
2.42387768e-20
2.34092807e-20
2.26202966e-20
2.18701058e-20
2.11569588e-20
2.04791759e-20
1.98351292e-20
1.92232163e-20
1.86418772e-20
1.80895852e-20
1.75648717e-20
1.70663349e-20
1.65925774e-20
1.61422718e-20
1.57141566e-20
1.53069816e-20
1.49195644e-20
1.45507780e-20
1.41995348e-20
1.38647877e-20
1.35455509e-20
1.32408773e-20
1.29498592e-20
1.26716461e-20
1.24054244e-20
1.21504178e-20
1.19059025e-20
1.16711848e-20
1.14456198e-20
1.12285957e-20
1.10195329e-20
1.08178966e-20
1.06231813e-20
1.04349107e-20
1.02526483e-20
1.00759801e-20
9.90453235e-21
9.73794117e-21
9.57589048e-21
9.41807223e-21
9.26420956e-21
9.11405471e-21
8.96736600e-21
8.82394096e-21
8.68358129e-21
8.54611611e-21
8.41138601e-21
8.27925352e-21
8.14959350e-21
8.02229237e-21
7.89725522e-21
7.77439672e-21
7.65364049e-21
7.53492577e-21
7.41819653e-21
7.30341060e-21
7.19053140e-21
7.07952747e-21
6.97037871e-21
6.86306865e-21
6.75758395e-21
6.65392048e-21
6.55207597e-21
6.45204966e-21
6.35384603e-21
6.25747610e-21
6.16294484e-21
6.07026298e-21
5.97944628e-21
5.89050362e-21
5.80344830e-21
5.71829552e-21
5.63505842e-21
5.55374972e-21
5.47437978e-21
5.39695979e-21
5.32150289e-21
5.24801449e-21
5.17650176e-21
5.10697165e-21
5.03942774e-21
4.97387170e-21
4.91030191e-21
4.84871606e-21
4.78911218e-21
4.73148099e-21
4.67581363e-21
4.62210117e-21
4.57032676e-21
4.52047792e-21
4.47253450e-21
4.42647725e-21
4.38228275e-21
4.33992726e-21
4.29938394e-21
4.26062305e-21
4.22361445e-21
4.18832518e-21
4.15471964e-21
4.12276182e-21
4.09241254e-21
4.06363220e-21
4.03637886e-21
4.01060848e-21
3.98627662e-21
3.96333685e-21
3.94174092e-21
3.92144028e-21
3.90238428e-21
3.88452198e-21
3.86780098e-21
3.85216762e-21
3.83756803e-21
3.82394718e-21
3.81124908e-21
3.79941767e-21
3.78839603e-21
3.77812657e-21
3.76855156e-21
3.75961334e-21
3.75125324e-21
3.74341302e-21
3.73603407e-21
3.72905811e-21
3.72242672e-21
3.71608206e-21
3.70996597e-21
3.70402144e-21
3.69819133e-21
3.69241943e-21
3.68664999e-21
3.68082827e-21
3.67490014e-21
3.66881282e-21
3.66251409e-21
3.65595314e-21
3.64908056e-21
3.64184816e-21
3.63420907e-21
3.62611825e-21
3.61753219e-21
3.60840891e-21
3.59870866e-21
3.58839340e-21
3.57742690e-21
3.56577521e-21
3.55340707e-21
3.54029249e-21
3.52640453e-21
3.51171812e-21
3.49621120e-21
3.47986360e-21
3.46265873e-21
3.44458079e-21
3.42561884e-21
3.40576270e-21
3.38500603e-21
3.36334435e-21
3.34077674e-21
3.31730457e-21
3.29293134e-21
3.26766423e-21
3.24151200e-21
3.21448709e-21
3.18660394e-21
3.15787889e-21
3.12833188e-21
3.09798464e-21
3.06686050e-21
3.03498629e-21
3.00239029e-21
2.96910207e-21
2.93515450e-21
2.90058077e-21
2.86541720e-21
2.82970094e-21
2.79346976e-21
2.75676422e-21
2.71962529e-21
2.68209413e-21
2.64421434e-21
2.60602866e-21
2.56758201e-21
2.52891893e-21
2.49008347e-21
2.45112143e-21
2.41207783e-21
2.37299674e-21
2.33392361e-21
2.29490187e-21
2.25597688e-21
2.21718928e-21
2.17858386e-21
2.14020044e-21
2.10207953e-21
2.06426214e-21
2.02678491e-21
1.98968484e-21
1.95299835e-21
1.91675964e-21
1.88100146e-21
1.84575425e-21
1.81104764e-21
1.77691104e-21
1.74336928e-21
1.71044697e-21
1.67816764e-21
1.64655239e-21
1.61562052e-21
1.58538899e-21
1.55587425e-21
1.52708977e-21
1.49904851e-21
1.47176054e-21
1.44523594e-21
1.41948091e-21
1.39450118e-21
1.37030142e-21
1.34688425e-21
1.32425032e-21
1.30239984e-21
1.28133116e-21
1.26104091e-21
1.24152535e-21
1.22277907e-21
1.20479523e-21
1.18756667e-21
1.17108451e-21
1.15533967e-21
1.14032185e-21
1.12601965e-21
1.11242158e-21
1.09951519e-21
1.08728716e-21
1.07572419e-21
1.06481226e-21
1.05453670e-21
1.04488278e-21
1.03583584e-21
1.02738021e-21
1.01950045e-21
1.01218132e-21
1.00540685e-21
9.99161377e-22
9.93429397e-22
9.88195302e-22
9.83443495e-22
9.79158726e-22
9.75325805e-22
9.71929680e-22
9.68955688e-22
9.66389344e-22
9.64216409e-22
9.62423056e-22
9.60995703e-22
9.59921188e-22
9.59186673e-22
9.58779699e-22
9.58688200e-22
9.58900526e-22
9.59405430e-22
9.60192067e-22
9.61250015e-22
9.62569303e-22
9.64140333e-22
9.65953991e-22
9.68001509e-22
9.70274567e-22
9.72765313e-22
9.75466199e-22
9.78370185e-22
9.81470502e-22
9.84760818e-22
9.88235174e-22
9.91888045e-22
9.95714192e-22
9.99708537e-22
1.00386665e-21
1.00818427e-21
1.01265730e-21
1.01728205e-21
1.02205507e-21
1.02697327e-21
1.03203370e-21
1.03723341e-21
1.04257009e-21
1.04804140e-21
1.05364493e-21
1.05937890e-21
1.06524144e-21
1.07123069e-21
1.07734499e-21
1.08358295e-21
1.08994296e-21
1.09642363e-21
1.10302374e-21
1.10974187e-21
1.11657672e-21
1.12352717e-21
1.13059182e-21
1.13776952e-21
1.14505883e-21
1.15245841e-21
1.15996704e-21
1.16758312e-21
1.17530516e-21
1.18313174e-21
1.19106107e-21
1.19909155e-21
1.20722119e-21
1.21544806e-21
1.22377027e-21
1.23218550e-21
1.24069144e-21
1.24928588e-21
1.25796609e-21
1.26672938e-21
1.27557312e-21
1.28449415e-21
1.29348955e-21
1.30255585e-21
1.31168962e-21
1.32088745e-21
1.33014539e-21
1.33945970e-21
1.34882588e-21
1.35824024e-21
1.36769771e-21
1.37719403e-21
1.38672416e-21
1.39628326e-21
1.40586589e-21
1.41546660e-21
1.42507996e-21
1.43469991e-21
1.44432056e-21
1.45393544e-21
1.46353802e-21
1.47312178e-21
1.48267954e-21
1.49220411e-21
1.50168826e-21
1.51112412e-21
1.52050381e-21
1.52981937e-21
1.53906223e-21
1.54822398e-21
1.55729557e-21
1.56626794e-21
1.57513197e-21
1.58387792e-21
1.59249626e-21
1.60097664e-21
1.60930928e-21
1.61748382e-21
1.62548955e-21
1.63331577e-21
1.64095180e-21
1.64838647e-21
1.65560869e-21
1.66260738e-21
1.66937110e-21
1.67588864e-21
1.68214847e-21
1.68813920e-21
1.69384944e-21
1.69926798e-21
1.70438353e-21
1.70918484e-21
1.71366087e-21
1.71780078e-21
1.72159398e-21
1.72502998e-21
1.72809870e-21
1.73079021e-21
1.73309501e-21
1.73500403e-21
1.73650848e-21
1.73760012e-21
1.73827115e-21
1.73851429e-21
1.73832280e-21
1.73769053e-21
1.73661195e-21
1.73508213e-21
1.73309686e-21
1.73065262e-21
1.72774653e-21
1.72437657e-21
1.72054144e-21
1.71624050e-21
1.71147411e-21
1.70624321e-21
1.70054979e-21
1.69439656e-21
1.68778691e-21
1.68072532e-21
1.67321683e-21
1.66526775e-21
1.65688440e-21
1.64807491e-21
1.63884732e-21
1.62921078e-21
1.61917564e-21
1.60875211e-21
1.59795154e-21
1.58678642e-21
1.57526869e-21
1.56341238e-21
1.55123082e-21
1.53873868e-21
1.52595056e-21
1.51288209e-21
1.49954903e-21
1.48596723e-21
1.47215343e-21
1.45812408e-21
1.44389646e-21
1.42948773e-21
1.41491519e-21
1.40019594e-21
1.38534741e-21
1.37038767e-21
1.35533350e-21
1.34020220e-21
1.32501125e-21
1.30977764e-21
1.29451814e-21
1.27924895e-21
1.26398625e-21
1.24874658e-21
1.23354477e-21
1.21839593e-21
1.20331502e-21
1.18831623e-21
1.17341327e-21
1.15861898e-21
1.14394634e-21
1.12940712e-21
1.11501313e-21
1.10077531e-21
1.08670366e-21
1.07280821e-21
1.05909776e-21
1.04558107e-21
1.03226600e-21
1.01915976e-21
1.00626868e-21
9.93598762e-22
9.81155900e-22
9.68944333e-22
9.56968243e-22
9.45231475e-22
9.33737039e-22
9.22487390e-22
9.11484210e-22
9.00728903e-22
8.90222805e-22
8.79965863e-22
8.69958014e-22
8.60199158e-22
8.50687726e-22
8.41422969e-22
8.32402745e-22
8.23625142e-22
8.15087526e-22
8.06787310e-22
7.98721419e-22
7.90886337e-22
7.83278628e-22
7.75894296e-22
7.68729593e-22
7.61779817e-22
7.55040988e-22
7.48508236e-22
7.42176983e-22
7.36042260e-22
7.30099257e-22
7.24342824e-22
7.18768104e-22
7.13369593e-22
7.08142444e-22
7.03081213e-22
6.98180775e-22
6.93435795e-22
6.88841153e-22
6.84391644e-22
6.80082007e-22
6.75907210e-22
6.71862090e-22
6.67941723e-22
6.64141161e-22
6.60455536e-22
6.56879987e-22
6.53409830e-22
6.50040615e-22
6.46767640e-22
6.43586736e-22
6.40493502e-22
6.37483861e-22
6.34553733e-22
6.31699290e-22
6.28916778e-22
6.26202520e-22
6.23553099e-22
6.20965182e-22
6.18435531e-22
6.15961166e-22
6.13539205e-22
6.11166872e-22
6.08841599e-22
6.06561071e-22
6.04322939e-22
6.02125113e-22
5.99965754e-22
5.97842954e-22
5.95755238e-22
5.93701066e-22
5.91679189e-22
5.89688431e-22
5.87727852e-22
5.85796625e-22
5.83894030e-22
5.82019575e-22
5.80172870e-22
5.78353623e-22
5.76561752e-22
5.74797227e-22
5.73060215e-22
5.71350957e-22
5.69669769e-22
5.68017140e-22
5.66393614e-22
5.64799786e-22
5.63236398e-22
5.61704188e-22
5.60204022e-22
5.58736778e-22
5.57303374e-22
5.55904725e-22
5.54541799e-22
5.53215625e-22
5.51927089e-22
5.50677232e-22
5.49466932e-22
5.48297116e-22
5.47168616e-22
5.46082259e-22
5.45038782e-22
5.44038829e-22
5.43083004e-22
5.42171798e-22
5.41305584e-22
5.40484668e-22
5.39709203e-22
5.38979258e-22
5.38294753e-22
5.37655468e-22
5.37061070e-22
5.36511075e-22
5.36004842e-22
5.35541608e-22
5.35120451e-22
5.34740294e-22
5.34399923e-22
5.34097989e-22
5.33832973e-22
5.33603229e-22
5.33406981e-22
5.33242302e-22
5.33107148e-22
5.32999352e-22
5.32916631e-22
5.32856594e-22
5.32816749e-22
5.32794515e-22
5.32787229e-22
5.32792154e-22
5.32806493e-22
5.32827399e-22
5.32851982e-22
5.32877323e-22
5.32900490e-22
5.32918539e-22
5.32928536e-22
5.32927563e-22
5.32912730e-22
5.32881191e-22
5.32830147e-22
5.32756869e-22
5.32658695e-22
5.32533052e-22
5.32377457e-22
5.32189538e-22
5.31967033e-22
5.31707797e-22
5.31409822e-22
5.31071235e-22
5.30690299e-22
5.30265439e-22
5.29795218e-22
5.29278378e-22
5.28713814e-22
5.28100573e-22
5.27437895e-22
5.26725177e-22
5.25961967e-22
5.25148016e-22
5.24283207e-22
5.23367625e-22
5.22401503e-22
5.21385213e-22
5.20319322e-22
5.19204534e-22
5.18041670e-22
5.16831745e-22
5.15575883e-22
5.14275311e-22
5.12931430e-22
5.11545700e-22
5.10119746e-22
5.08655264e-22
5.07154005e-22
5.05617868e-22
5.04048761e-22
5.02448756e-22
5.00819812e-22
4.99164142e-22
4.97483824e-22
4.95781073e-22
4.94058053e-22
4.92317019e-22
4.90560191e-22
4.88789755e-22
4.87007960e-22
4.85216968e-22
4.83418991e-22
4.81616177e-22
4.79810602e-22
4.78004378e-22
4.76199533e-22
4.74398009e-22
4.72601771e-22
4.70812687e-22
4.69032527e-22
4.67263074e-22
4.65505968e-22
4.63762858e-22
4.62035283e-22
4.60324675e-22
4.58632468e-22
4.56959950e-22
4.55308443e-22
4.53679021e-22
4.52072895e-22
4.50491029e-22
4.48934423e-22
4.47403937e-22
4.45900432e-22
4.44424667e-22
4.42977305e-22
4.41559012e-22
4.40170328e-22
4.38811796e-22
4.37483873e-22
4.36186933e-22
4.34921353e-22
4.33687435e-22
4.32485403e-22
4.31315491e-22
4.30177864e-22
4.29072620e-22
4.27999867e-22
4.26959630e-22
4.25951942e-22
4.24976783e-22
4.24034077e-22
4.23123762e-22
4.22245725e-22
4.21399808e-22
4.20585862e-22
4.19803681e-22
4.19053066e-22
4.18333776e-22
4.17645537e-22
4.16988079e-22
4.16361096e-22
4.15764250e-22
4.15197207e-22
4.14659598e-22
4.14151023e-22
4.13671086e-22
4.13219346e-22
4.12795365e-22
4.12398671e-22
4.12028765e-22
4.11685143e-22
4.11367265e-22
4.11074588e-22
4.10806518e-22
4.10562475e-22
4.10341826e-22
4.10143931e-22
4.09968133e-22
4.09813737e-22
4.09680033e-22
4.09566295e-22
4.09471761e-22
4.09395660e-22
4.09337188e-22
4.09295526e-22
4.09269829e-22
4.09259234e-22
4.09262854e-22
4.09279785e-22
4.09309099e-22
4.09349853e-22
4.09401083e-22
4.09461808e-22
4.09531032e-22
4.09607745e-22
4.09690919e-22
4.09779513e-22
4.09872479e-22
4.09968756e-22
4.10067272e-22
4.10166951e-22
4.10266709e-22
4.10365463e-22
4.10462123e-22
4.10555596e-22
4.10644798e-22
4.10728647e-22
4.10806060e-22
4.10875968e-22
4.10937308e-22
4.10989033e-22
4.11030104e-22
4.11059503e-22
4.11076225e-22
4.11079290e-22
4.11067736e-22
4.11040630e-22
4.10997060e-22
4.10936148e-22
4.10857045e-22
4.10758933e-22
4.10641030e-22
4.10502587e-22
4.10342906e-22
4.10161314e-22
4.09957184e-22
4.09729942e-22
4.09479051e-22
4.09204025e-22
4.08904416e-22
4.08579833e-22
4.08229950e-22
4.07854464e-22
4.07453139e-22
4.07025808e-22
4.06572315e-22
4.06092615e-22
4.05586668e-22
4.05054519e-22
4.04496249e-22
4.03912013e-22
4.03302013e-22
4.02666490e-22
4.02005766e-22
4.01320202e-22
4.00610198e-22
3.99876219e-22
3.99118810e-22
3.98338506e-22
3.97535934e-22
3.96711735e-22
3.95866629e-22
3.95001341e-22
3.94116695e-22
3.93213477e-22
3.92292546e-22
3.91354817e-22
3.90401215e-22
3.89432677e-22
3.88450203e-22
3.87454803e-22
3.86447482e-22
3.85429310e-22
3.84401329e-22
3.83364639e-22
3.82320326e-22
3.81269490e-22
3.80213207e-22
3.79152583e-22
3.78088767e-22
3.77022815e-22
3.75955821e-22
3.74888895e-22
3.73823113e-22
3.72759514e-22
3.71699190e-22
3.70643101e-22
3.69592319e-22
3.68547761e-22
3.67510451e-22
3.66481274e-22
3.65461151e-22
3.64450949e-22
3.63451481e-22
3.62463544e-22
3.61487941e-22
3.60525351e-22
3.59576455e-22
3.58641931e-22
3.57722333e-22
3.56818212e-22
3.55930092e-22
3.55058427e-22
3.54203607e-22
3.53366011e-22
3.52545946e-22
3.51743653e-22
3.50959356e-22
3.50193210e-22
3.49445300e-22
3.48715690e-22
3.48004361e-22
3.47311268e-22
