# Generated by CAESAR Pro Ultimate
# Gas: H2O-HITRAN
# Math: Dynamic-ILS-Applied
1.14202791e-07
1.13097453e-07
1.11967476e-07
1.10814121e-07
1.09638568e-07
1.08442078e-07
1.07225761e-07
1.05990766e-07
1.04738191e-07
1.03469076e-07
1.02184491e-07
1.00885426e-07
9.95729038e-08
9.82479009e-08
9.69113486e-08
9.55642154e-08
9.42074013e-08
9.28418748e-08
9.14684559e-08
9.00881186e-08
8.87016898e-08
8.73100422e-08
8.59140968e-08
8.45146551e-08
8.31125671e-08
8.17087316e-08
8.03038997e-08
7.88989839e-08
7.74947478e-08
7.60920313e-08
7.46916090e-08
7.32943020e-08
7.19008928e-08
7.05121244e-08
6.91287836e-08
6.77515879e-08
6.63812960e-08
6.50186232e-08
6.36642683e-08
6.23188856e-08
6.09831385e-08
5.96577236e-08
5.83431840e-08
5.70402005e-08
5.57492996e-08
5.44710638e-08
5.32060002e-08
5.19546427e-08
5.07174747e-08
4.94949300e-08
4.82874662e-08
4.70954903e-08
4.59193597e-08
4.47594535e-08
4.36161004e-08
4.24895810e-08
4.13801735e-08
4.02881738e-08
3.92137646e-08
3.81571483e-08
3.71185441e-08
3.60980634e-08
3.50958366e-08
3.41119909e-08
3.31466104e-08
3.21997388e-08
3.12714369e-08
3.03617260e-08
2.94705895e-08
2.85980285e-08
2.77440071e-08
2.69084553e-08
2.60913205e-08
2.52925006e-08
2.45119107e-08
2.37494347e-08
2.30049280e-08
2.22782628e-08
2.15692835e-08
2.08778090e-08
2.02036751e-08
1.95466928e-08
1.89066504e-08
1.82833409e-08
1.76765727e-08
1.70860968e-08
1.65116821e-08
1.59531128e-08
1.54101216e-08
1.48824585e-08
1.43698787e-08
1.38721219e-08
1.33889137e-08
1.29200054e-08
1.24650979e-08
1.20239453e-08
1.15962451e-08
1.11817460e-08
1.07801522e-08
1.03911925e-08
1.00145869e-08
9.65004784e-09
9.29729660e-09
8.95606853e-09
8.62607231e-09
8.30703262e-09
7.99868214e-09
7.70074908e-09
7.41296426e-09
7.13505594e-09
6.86676694e-09
6.60783263e-09
6.35800270e-09
6.11702542e-09
5.88464872e-09
5.66063458e-09
5.44474045e-09
5.23674168e-09
5.03639768e-09
4.84349776e-09
4.65781656e-09
4.47914599e-09
4.30727628e-09
4.14201052e-09
3.98315086e-09
3.83051495e-09
3.68391394e-09
3.54317156e-09
3.40812035e-09
3.27859598e-09
3.15443787e-09
3.03549676e-09
2.92162690e-09
2.81268660e-09
2.70854478e-09
2.60907221e-09
2.51415171e-09
2.42366247e-09
2.33750089e-09
2.25556016e-09
2.17774298e-09
2.10396066e-09
2.03412401e-09
1.96815252e-09
1.90597230e-09
1.84751321e-09
1.79271025e-09
1.74150236e-09
1.69383448e-09
1.64965789e-09
1.60892462e-09
1.57159293e-09
1.53762580e-09
1.50698921e-09
1.47965276e-09
1.45558903e-09
1.43477480e-09
1.41718888e-09
1.40281353e-09
1.39163296e-09
1.38363342e-09
1.37880341e-09
1.37713273e-09
1.37861263e-09
1.38323523e-09
1.39099334e-09
1.40188040e-09
1.41588992e-09
1.43301441e-09
1.45324753e-09
1.47657990e-09
1.50300305e-09
1.53250570e-09
1.56507597e-09
1.60069801e-09
1.63935718e-09
1.68103189e-09
1.72570160e-09
1.77334130e-09
1.82392164e-09
1.87741073e-09
1.93377302e-09
1.99297040e-09
2.05495851e-09
2.11969138e-09
2.18711639e-09
2.25717796e-09
2.32981780e-09
2.40497053e-09
2.48256961e-09
2.56254132e-09
2.64480942e-09
2.72929383e-09
2.81591255e-09
2.90457842e-09
2.99519736e-09
3.08767950e-09
3.18192876e-09
3.27784473e-09
3.37532687e-09
3.47427303e-09
3.57458194e-09
3.67614963e-09
3.77886771e-09
3.88263625e-09
3.98735201e-09
4.09290878e-09
4.19921064e-09
4.30615987e-09
4.41365956e-09
4.52161852e-09
4.62995186e-09
4.73857509e-09
4.84741123e-09
4.95639139e-09
5.06544878e-09
5.17452586e-09
5.28357489e-09
5.39255185e-09
5.50142579e-09
5.61017050e-09
5.71877159e-09
5.82722691e-09
5.93554042e-09
6.04372910e-09
6.15182333e-09
6.25986065e-09
6.36789471e-09
6.47598687e-09
6.58421288e-09
6.69266302e-09
6.80143573e-09
6.91064416e-09
7.02041626e-09
7.13088812e-09
7.24221054e-09
7.35454896e-09
7.46807883e-09
7.58298303e-09
7.69946540e-09
7.81773434e-09
7.93801419e-09
8.06053523e-09
8.18554304e-09
8.31328812e-09
8.44403281e-09
8.57804828e-09
8.71561678e-09
8.85702563e-09
9.00256321e-09
9.15253571e-09
9.30724928e-09
9.46700831e-09
9.63213720e-09
9.80294377e-09
9.97975478e-09
1.01628880e-08
1.03526689e-08
1.05494147e-08
1.07534446e-08
1.09650797e-08
1.11846286e-08
1.14124042e-08
1.16486993e-08
1.18938235e-08
1.21480492e-08
1.24116639e-08
1.26849351e-08
1.29681069e-08
1.32614327e-08
1.35651410e-08
1.38794384e-08
1.42045207e-08
1.45405657e-08
1.48877391e-08
1.52461802e-08
1.56159912e-08
1.59972813e-08
1.63901213e-08
1.67945409e-08
1.72105841e-08
1.76382180e-08
1.80774240e-08
1.85281283e-08
1.89902452e-08
1.94636397e-08
1.99481541e-08
2.04436086e-08
2.09497705e-08
2.14663940e-08
2.19931677e-08
2.25297993e-08
2.30758974e-08
2.36310902e-08
2.41949380e-08
2.47669895e-08
2.53467359e-08
2.59336573e-08
2.65271651e-08
2.71266971e-08
2.77315871e-08
2.83411978e-08
2.89548250e-08
2.95717603e-08
3.01912422e-08
3.08124957e-08
3.14347330e-08
3.20571187e-08
3.26788208e-08
3.32989632e-08
3.39166652e-08
3.45310437e-08
3.51411659e-08
3.57461504e-08
3.63450470e-08
3.69369251e-08
3.75208524e-08
3.80959084e-08
3.86611531e-08
3.92156758e-08
3.97585524e-08
4.02888828e-08
4.08057927e-08
4.13084046e-08
4.17958732e-08
4.22673867e-08
4.27221407e-08
4.31593794e-08
4.35783612e-08
4.39783887e-08
4.43588022e-08
4.47189888e-08
4.50583693e-08
4.53764021e-08
4.56725990e-08
4.59465195e-08
4.61977771e-08
4.64260249e-08
4.66309772e-08
4.68123917e-08
4.69700841e-08
4.71039259e-08
4.72138359e-08
4.72997902e-08
4.73618189e-08
4.74000015e-08
4.74144717e-08
4.74054126e-08
4.73730582e-08
4.73176891e-08
4.72396343e-08
4.71392670e-08
4.70170002e-08
4.68732922e-08
4.67086336e-08
4.65235571e-08
4.63186254e-08
4.60944271e-08
4.58515865e-08
4.55907487e-08
4.53125743e-08
4.50177536e-08
4.47069874e-08
4.43809822e-08
4.40404669e-08
4.36861639e-08
4.33188132e-08
4.29391492e-08
4.25478964e-08
4.21457905e-08
4.17335445e-08
4.13118872e-08
4.08814934e-08
4.04430761e-08
3.99972892e-08
3.95447962e-08
3.90862234e-08
3.86221956e-08
3.81533072e-08
3.76801203e-08
3.72031932e-08
3.67230408e-08
3.62401733e-08
3.57550665e-08
3.52681613e-08
3.47798937e-08
3.42906652e-08
3.38008430e-08
3.33107903e-08
3.28208371e-08
3.23312808e-08
3.18424172e-08
3.13545009e-08
3.08677867e-08
3.03825006e-08
2.98988409e-08
2.94170091e-08
2.89371811e-08
2.84595092e-08
2.79841520e-08
2.75112368e-08
2.70408998e-08
2.65732580e-08
2.61084106e-08
2.56464688e-08
2.51875282e-08
2.47316702e-08
2.42789907e-08
2.38295640e-08
2.33834896e-08
2.29408204e-08
2.25016625e-08
2.20660771e-08
2.16341441e-08
2.12059618e-08
2.07815948e-08
2.03611276e-08
1.99446549e-08
1.95322655e-08
1.91240507e-08
1.87200962e-08
1.83204992e-08
1.79253754e-08
1.75348111e-08
1.71489116e-08
1.67677923e-08
1.63915632e-08
1.60203363e-08
1.56542183e-08
1.52933252e-08
1.49377889e-08
1.45877132e-08
1.42432178e-08
1.39044363e-08
1.35714752e-08
1.32444548e-08
1.29235017e-08
1.26087349e-08
1.23002664e-08
1.19982197e-08
1.17027103e-08
1.14138461e-08
1.11317451e-08
1.08565170e-08
1.05882637e-08
1.03270954e-08
1.00731091e-08
9.82640908e-09
9.58709119e-09
9.35524348e-09
9.13096019e-09
8.91432717e-09
8.70542252e-09
8.50432937e-09
8.31111876e-09
8.12586593e-09
7.94863809e-09
7.77949848e-09
7.61850311e-09
7.46570762e-09
7.32116636e-09
7.18492607e-09
7.05702922e-09
6.93751151e-09
6.82640922e-09
6.72374938e-09
6.62955868e-09
6.54385665e-09
6.46665642e-09
6.39796938e-09
6.33779985e-09
6.28614578e-09
6.24300185e-09
6.20835505e-09
6.18218799e-09
6.16447612e-09
6.15518839e-09
6.15428768e-09
6.16172953e-09
6.17746274e-09
6.20142829e-09
6.23356029e-09
6.27378294e-09
6.32201623e-09
6.37816642e-09
6.44213601e-09
6.51381681e-09
6.59308815e-09
6.67982792e-09
6.77389437e-09
6.87514488e-09
6.98342130e-09
7.09855966e-09
7.22038136e-09
7.34869967e-09
7.48332045e-09
7.62403391e-09
7.77062261e-09
7.92286208e-09
8.08051172e-09
8.24332735e-09
8.41104855e-09
8.58340864e-09
8.76013182e-09
8.94093720e-09
9.12553202e-09
9.31361171e-09
9.50486789e-09
9.69898528e-09
9.89564634e-09
1.00945199e-08
1.02952779e-08
1.04975799e-08
1.07010859e-08
1.09054575e-08
1.11103461e-08
1.13154107e-08
1.15202973e-08
1.17246741e-08
1.19281856e-08
1.21305004e-08
1.23312778e-08
1.25301905e-08
1.27269083e-08
1.29211158e-08
1.31124934e-08
1.33007493e-08
1.34855778e-08
1.36667028e-08
1.38438477e-08
1.40167550e-08
1.41851729e-08
1.43488661e-08
1.45076168e-08
1.46612147e-08
1.48094712e-08
1.49522068e-08
1.50892608e-08
1.52204889e-08
1.53457654e-08
1.54649783e-08
1.55780276e-08
1.56848413e-08
1.57853505e-08
1.58795132e-08
1.59672974e-08
1.60486904e-08
1.61236897e-08
1.61923157e-08
1.62545939e-08
1.63105708e-08
1.63603027e-08
1.64038577e-08
1.64413164e-08
1.64727705e-08
1.64983219e-08
1.65180809e-08
1.65321654e-08
1.65407021e-08
1.65438232e-08
1.65416664e-08
1.65343739e-08
1.65220916e-08
1.65049683e-08
1.64831543e-08
1.64568005e-08
1.64260596e-08
1.63910803e-08
1.63520131e-08
1.63090053e-08
1.62622012e-08
1.62117407e-08
1.61577616e-08
1.61003950e-08
1.60397709e-08
1.59760075e-08
1.59092251e-08
1.58395317e-08
1.57670315e-08
1.56918243e-08
1.56140021e-08
1.55336507e-08
1.54508477e-08
1.53656680e-08
1.52781772e-08
1.51884385e-08
1.50965077e-08
1.50024336e-08
1.49062635e-08
1.48080366e-08
1.47077916e-08
1.46055614e-08
1.45013756e-08
1.43952586e-08
1.42872344e-08
1.41773292e-08
1.40655590e-08
1.39519429e-08
1.38365016e-08
1.37192533e-08
1.36002164e-08
1.34794072e-08
1.33568455e-08
1.32325573e-08
1.31065603e-08
1.29788790e-08
1.28495455e-08
1.27185839e-08
1.25860261e-08
1.24519097e-08
1.23162724e-08
1.21791527e-08
1.20405975e-08
1.19006544e-08
1.17593714e-08
1.16168056e-08
1.14730144e-08
1.13280556e-08
1.11819959e-08
1.10348992e-08
1.08868381e-08
1.07378850e-08
1.05881118e-08
1.04375990e-08
1.02864260e-08
1.01346711e-08
9.98242054e-09
9.82975570e-09
9.67676552e-09
9.52353680e-09
9.37015391e-09
9.21670800e-09
9.06328731e-09
8.90997696e-09
8.75686811e-09
8.60404830e-09
8.45160130e-09
8.29961621e-09
8.14817482e-09
7.99736384e-09
7.84726540e-09
7.69795694e-09
7.54952027e-09
7.40202915e-09
7.25556437e-09
7.11018955e-09
6.96598394e-09
6.82300964e-09
6.68133515e-09
6.54102068e-09
6.40212972e-09
6.26471745e-09
6.12884494e-09
5.99455674e-09
5.86191138e-09
5.73095115e-09
5.60172390e-09
5.47426966e-09
5.34863126e-09
5.22484640e-09
5.10294794e-09
4.98297146e-09
4.86494534e-09
4.74890302e-09
4.63486394e-09
4.52285966e-09
4.41290817e-09
4.30503250e-09
4.19924949e-09
4.09557872e-09
3.99403391e-09
3.89463153e-09
3.79738457e-09
3.70230474e-09
3.60940074e-09
3.51868409e-09
3.43016157e-09
3.34384283e-09
3.25973320e-09
3.17784251e-09
3.09817330e-09
3.02073116e-09
2.94552290e-09
2.87255346e-09
2.80182627e-09
2.73334768e-09
2.66712267e-09
2.60315511e-09
2.54145187e-09
2.48201887e-09
2.42486141e-09
2.36998779e-09
2.31740478e-09
2.26712220e-09
2.21914964e-09
2.17349687e-09
2.13017674e-09
2.08920233e-09
2.05058738e-09
2.01434872e-09
1.98050325e-09
1.94907102e-09
1.92007314e-09
1.89353212e-09
1.86947365e-09
1.84792500e-09
1.82891531e-09
1.81247696e-09
1.79864414e-09
1.78745428e-09
1.77894721e-09
1.77316564e-09
1.77015526e-09
1.76996511e-09
1.77264735e-09
1.77825778e-09
1.78685525e-09
1.79850289e-09
1.81326719e-09
1.83121913e-09
1.85243320e-09
1.87698840e-09
1.90496883e-09
1.93646212e-09
1.97156113e-09
2.01036454e-09
2.05297468e-09
2.09949987e-09
2.15005506e-09
2.20476010e-09
2.26373833e-09
2.32712391e-09
2.39505525e-09
2.46767438e-09
2.54513762e-09
2.62759925e-09
2.71522896e-09
2.80819919e-09
2.90669414e-09
3.01090246e-09
3.12102337e-09
3.23726757e-09
3.35985064e-09
3.48900016e-09
3.62495684e-09
3.76796671e-09
3.91829271e-09
4.07620347e-09
4.24198271e-09
4.41593055e-09
4.59835355e-09
4.78957554e-09
4.98993922e-09
5.19979460e-09
5.41951620e-09
5.64948657e-09
5.89011014e-09
6.14180980e-09
6.40503336e-09
6.68024418e-09
6.96792098e-09
7.26857006e-09
7.58272112e-09
7.91093522e-09
8.25378595e-09
8.61188754e-09
8.98586796e-09
9.37639137e-09
9.78416111e-09
1.02098962e-08
1.06543567e-08
1.11183471e-08
1.16026895e-08
1.21082628e-08
1.26359646e-08
1.31867424e-08
1.37615973e-08
1.43615505e-08
1.49876782e-08
1.56411158e-08
1.63230194e-08
1.70346201e-08
1.77771691e-08
1.85519813e-08
1.93604215e-08
2.02039236e-08
2.10839572e-08
2.20020057e-08
2.29596976e-08
2.39585983e-08
2.50004225e-08
2.60868747e-08
2.72197527e-08
2.84008572e-08
2.96320571e-08
3.09152931e-08
3.22524966e-08
3.36456637e-08
3.50968568e-08
3.66081135e-08
3.81815610e-08
3.98192879e-08
4.15234324e-08
4.32961472e-08
4.51396701e-08
4.70560525e-08
4.90475308e-08
5.11162116e-08
5.32642200e-08
5.54936987e-08
5.78066635e-08
6.02051766e-08
6.26911474e-08
6.52664651e-08
6.79329977e-08
7.06924178e-08
7.35464104e-08
7.64963738e-08
7.95438858e-08
8.26900214e-08
8.59360236e-08
8.92827854e-08
9.27311656e-08
9.62817023e-08
9.99348842e-08
1.03690770e-07
1.07549586e-07
1.11510866e-07
1.15574301e-07
1.19739094e-07
1.24004363e-07
1.28368787e-07
1.32830858e-07
1.37388884e-07
1.42040707e-07
1.46784064e-07
1.51616210e-07
1.56534197e-07
1.61534784e-07
1.66614534e-07
1.71769619e-07
1.76995699e-07
1.82288573e-07
1.87643546e-07
1.93055535e-07
1.98519298e-07
2.04029448e-07
2.09580013e-07
2.15165357e-07
2.20778939e-07
2.26414586e-07
2.32065711e-07
2.37725441e-07
2.43386868e-07
2.49042957e-07
2.54686682e-07
2.60310697e-07
2.65907829e-07
2.71470633e-07
2.76991766e-07
2.82464011e-07
2.87879958e-07
2.93232482e-07
2.98514325e-07
3.03718450e-07
3.08837957e-07
3.13866209e-07
3.18796643e-07
3.23622708e-07
3.28338577e-07
3.32938085e-07
3.37415819e-07
3.41766370e-07
3.45984815e-07
3.50066291e-07
3.54006694e-07
3.57801768e-07
3.61448021e-07
3.64942159e-07
3.68281196e-07
3.71462598e-07
3.74484211e-07
3.77344324e-07
3.80041479e-07
3.82574717e-07
3.84943337e-07
3.87147067e-07
3.89186032e-07
3.91060614e-07
3.92771616e-07
3.94320088e-07
3.95707428e-07
3.96935328e-07
3.98005775e-07
3.98920983e-07
3.99683374e-07
4.00295661e-07
4.00760713e-07
4.01081570e-07
4.01261445e-07
4.01303683e-07
4.01211741e-07
4.00989168e-07
4.00639580e-07
4.00166656e-07
3.99574089e-07
3.98865621e-07
3.98044936e-07
3.97115715e-07
3.96081624e-07
3.94946255e-07
3.93713105e-07
3.92385637e-07
3.90967198e-07
3.89460995e-07
3.87870185e-07
3.86197773e-07
3.84446599e-07
3.82619442e-07
3.80718869e-07
3.78747387e-07
3.76707326e-07
3.74600831e-07
3.72429996e-07
3.70196740e-07
3.67902799e-07
3.65549878e-07
3.63139465e-07
3.60673031e-07
3.58151892e-07
3.55577210e-07
3.52950161e-07
3.50271788e-07
3.47543002e-07
3.44764765e-07
3.41937928e-07
3.39063237e-07
3.36141524e-07
3.33173474e-07
3.30159879e-07
3.27101466e-07
3.23998899e-07
3.20852980e-07
3.17664404e-07
3.14434089e-07
3.11162656e-07
3.07851168e-07
3.04500396e-07
3.01111371e-07
2.97685039e-07
2.94222548e-07
2.90725040e-07
2.87193652e-07
2.83629732e-07
2.80034554e-07
2.76409608e-07
2.72756382e-07
2.69076358e-07
2.65371238e-07
2.61642712e-07
2.57892461e-07
2.54122380e-07
2.50334345e-07
2.46530207e-07
2.42712026e-07
2.38881750e-07
2.35041525e-07
2.31193456e-07
2.27339599e-07
2.23482193e-07
2.19623342e-07
2.15765400e-07
2.11910336e-07
2.08060597e-07
2.04218232e-07
2.00385522e-07
1.96564576e-07
1.92757644e-07
1.88966873e-07
1.85194307e-07
1.81442111e-07
1.77712260e-07
1.74006842e-07
1.70327822e-07
1.66677042e-07
1.63056442e-07
1.59467834e-07
1.55912895e-07
1.52393392e-07
1.48910953e-07
1.45467072e-07
1.42063318e-07
1.38701052e-07
1.35381707e-07
1.32106574e-07
1.28876808e-07
1.25693628e-07
1.22558113e-07
1.19471209e-07
1.16433920e-07
1.13447054e-07
1.10511474e-07
1.07627911e-07
1.04796971e-07
1.02019312e-07
9.92954666e-08
9.66258500e-08
9.40109258e-08
9.14510403e-08
8.89464296e-08
8.64973268e-08
8.41040077e-08
8.17664929e-08
7.94848534e-08
7.72592009e-08
7.50894110e-08
7.29754077e-08
7.09171116e-08
6.89143537e-08
6.69669225e-08
6.50745270e-08
6.32368789e-08
6.14537249e-08
5.97246247e-08
5.80491805e-08
5.64269934e-08
5.48575954e-08
5.33404872e-08
5.18751091e-08
5.04609340e-08
4.90973468e-08
4.77837626e-08
4.65195145e-08
4.53039885e-08
4.41364428e-08
4.30161653e-08
4.19424424e-08
4.09145139e-08
3.99315779e-08
3.89928536e-08
3.80975185e-08
3.72447134e-08
3.64335971e-08
3.56632919e-08
3.49328881e-08
3.42414914e-08
3.35881625e-08
3.29719760e-08
3.23919780e-08
3.18471916e-08
3.13366514e-08
3.08593695e-08
3.04143396e-08
3.00005664e-08
2.96170373e-08
2.92627268e-08
2.89366139e-08
2.86376857e-08
2.83649017e-08
2.81172348e-08
2.78936674e-08
2.76931646e-08
2.75147060e-08
2.73572794e-08
2.72198748e-08
2.71014885e-08
2.70011313e-08
2.69178225e-08
2.68505928e-08
2.67984901e-08
2.67605760e-08
2.67359287e-08
2.67236458e-08
2.67228439e-08
2.67326606e-08
2.67522552e-08
2.67808107e-08
2.68175334e-08
2.68616550e-08
2.69124341e-08
2.69691543e-08
2.70311272e-08
2.70976940e-08
2.71682229e-08
2.72421080e-08
2.73187781e-08
2.73976882e-08
2.74783193e-08
2.75601878e-08
2.76428357e-08
2.77258320e-08
2.78087752e-08
2.78912915e-08
2.79730360e-08
2.80536879e-08
2.81329488e-08
2.82105515e-08
2.82862489e-08
2.83598151e-08
2.84310471e-08
2.84997624e-08
2.85657987e-08
2.86290103e-08
2.86892656e-08
2.87464533e-08
2.88004736e-08
2.88512371e-08
2.88986713e-08
2.89427074e-08
2.89832906e-08
2.90203705e-08
2.90539051e-08
2.90838555e-08
2.91101882e-08
2.91328728e-08
2.91518798e-08
2.91671815e-08
2.91787504e-08
2.91865578e-08
2.91905741e-08
2.91907675e-08
2.91871036e-08
2.91795452e-08
2.91680516e-08
2.91525786e-08
2.91330777e-08
2.91094970e-08
2.90817797e-08
2.90498663e-08
2.90136927e-08
2.89731906e-08
2.89282897e-08
2.88789160e-08
2.88249920e-08
2.87664397e-08
2.87031790e-08
2.86351269e-08
2.85622014e-08
2.84843237e-08
2.84014099e-08
2.83133822e-08
2.82201616e-08
2.81216758e-08
2.80178523e-08
2.79086295e-08
2.77939394e-08
2.76737342e-08
2.75479602e-08
2.74165785e-08
2.72795526e-08
2.71368599e-08
2.69884808e-08
2.68344146e-08
2.66746543e-08
2.65092227e-08
2.63381366e-08
2.61614341e-08
2.59791569e-08
2.57913655e-08
2.55981283e-08
2.53995209e-08
2.51956385e-08
2.49865791e-08
2.47724652e-08
2.45534081e-08
2.43295569e-08
2.41010480e-08
2.38680422e-08
2.36307001e-08
2.33892013e-08
2.31437243e-08
2.28944708e-08
2.26416242e-08
2.23854060e-08
2.21260179e-08
2.18636827e-08
2.15986173e-08
2.13310535e-08
2.10612155e-08
2.07893469e-08
2.05156705e-08
2.02404211e-08
1.99638399e-08
1.96861618e-08
1.94076146e-08
1.91284358e-08
1.88488545e-08
1.85690905e-08
1.82893715e-08
1.80099147e-08
1.77309263e-08
1.74526183e-08
1.71751851e-08
1.68988258e-08
1.66237267e-08
1.63500608e-08
1.60780048e-08
1.58077213e-08
1.55393592e-08
1.52730699e-08
1.50089851e-08
1.47472384e-08
1.44879492e-08
1.42312226e-08
1.39771656e-08
1.37258707e-08
1.34774170e-08
1.32318850e-08
1.29893369e-08
1.27498416e-08
1.25134352e-08
1.22801760e-08
1.20500902e-08
1.18232072e-08
1.15995587e-08
1.13791516e-08
1.11619961e-08
1.09481017e-08
1.07374680e-08
1.05300897e-08
1.03259533e-08
1.01250458e-08
9.92735891e-09
9.73286454e-09
9.54154060e-09
9.35336658e-09
9.16831606e-09
8.98636113e-09
8.80746910e-09
8.63161039e-09
8.45876217e-09
8.28888694e-09
8.12195475e-09
7.95794295e-09
7.79681576e-09
7.63854540e-09
7.48310844e-09
7.33047948e-09
7.18063152e-09
7.03354560e-09
6.88920138e-09
6.74757753e-09
6.60866076e-09
6.47243686e-09
6.33889105e-09
6.20801645e-09
6.07980292e-09
5.95424804e-09
5.83134893e-09
5.71110253e-09
5.59351315e-09
5.47858479e-09
5.36632135e-09
5.25673372e-09
5.14983031e-09
5.04562832e-09
4.94413616e-09
4.84537716e-09
4.74936609e-09
4.65612399e-09
4.56567758e-09
4.47804598e-09
4.39326138e-09
4.31134870e-09
4.23234007e-09
4.15626612e-09
4.08316258e-09
4.01306539e-09
3.94601104e-09
3.88204085e-09
3.82119665e-09
3.76352116e-09
3.70906176e-09
3.65786572e-09
3.60998484e-09
3.56547226e-09
3.52438283e-09
3.48677594e-09
3.45271289e-09
3.42225740e-09
3.39547774e-09
3.37244485e-09
3.35323283e-09
3.33792020e-09
3.32658986e-09
3.31932775e-09
3.31622499e-09
3.31737720e-09
3.32288474e-09
3.33285331e-09
3.34739359e-09
3.36662183e-09
3.39066005e-09
3.41963692e-09
3.45368693e-09
3.49294927e-09
3.53757277e-09
3.58771174e-09
3.64352626e-09
3.70518440e-09
3.77286148e-09
3.84674185e-09
3.92701615e-09
4.01387889e-09
4.10753922e-09
4.20821083e-09
4.31611054e-09
4.43147405e-09
4.55453089e-09
4.68553031e-09
4.82472154e-09
4.97236693e-09
5.12873019e-09
5.29408498e-09
5.46871566e-09
5.65290620e-09
5.84695041e-09
6.05115259e-09
6.26581460e-09
6.49125253e-09
6.72777841e-09
6.97571333e-09
7.23538817e-09
7.50712706e-09
7.79126249e-09
8.08813609e-09
8.39807971e-09
8.72143962e-09
9.05855012e-09
9.40975248e-09
9.77539582e-09
1.01558138e-08
1.05513462e-08
1.09623399e-08
1.13891224e-08
1.18320269e-08
1.22913926e-08
1.27675459e-08
1.32607881e-08
1.37714555e-08
1.42998483e-08
1.48462819e-08
1.54110430e-08
1.59944340e-08
1.65967132e-08
1.72181934e-08
1.78591022e-08
1.85197237e-08
1.92002924e-08
1.99010616e-08
2.06222454e-08
2.13640776e-08
2.21267347e-08
2.29104449e-08
2.37153951e-08
2.45417429e-08
2.53896506e-08
2.62592867e-08
2.71507718e-08
2.80642310e-08
2.89997969e-08
2.99575498e-08
3.09375757e-08
3.19399678e-08
3.29647855e-08
3.40120289e-08
3.50817700e-08
3.61739996e-08
3.72887376e-08
3.84259411e-08
3.95855966e-08
4.07676000e-08
4.19719512e-08
4.31984811e-08
4.44471262e-08
4.57177246e-08
4.70101448e-08
4.83241781e-08
4.96596178e-08
5.10162597e-08
5.23938165e-08
5.37920302e-08
5.52105550e-08
5.66490430e-08
5.81071452e-08
5.95844186e-08
6.10804154e-08
6.25946839e-08
6.41266721e-08
6.56758207e-08
6.72415640e-08
6.88232299e-08
7.04201708e-08
7.20316295e-08
7.36568384e-08
7.52950198e-08
7.69452829e-08
7.86067254e-08
8.02784343e-08
8.19593811e-08
8.36485616e-08
8.53448556e-08
8.70471329e-08
8.87542548e-08
9.04649677e-08
9.21780111e-08
9.38921197e-08
9.56059169e-08
9.73180605e-08
9.90270649e-08
1.00731591e-07
1.02430054e-07
1.04121021e-07
1.05802961e-07
1.07474254e-07
1.09133400e-07
1.10778817e-07
1.12408877e-07
1.14021979e-07
1.15616523e-07
1.17190944e-07
1.18743647e-07
1.20272986e-07
1.21777462e-07
1.23255527e-07
1.24705632e-07
1.26126287e-07
1.27516039e-07
1.28873499e-07
1.30197268e-07
1.31486049e-07
1.32738544e-07
1.33953563e-07
1.35129902e-07
1.36266521e-07
1.37362396e-07
1.38416553e-07
1.39428114e-07
1.40396300e-07
1.41320367e-07
1.42199676e-07
1.43033685e-07
1.43821903e-07
1.44563941e-07
1.45259510e-07
1.45908375e-07
1.46510419e-07
1.47065578e-07
1.47573891e-07
1.48035486e-07
1.48450554e-07
1.48819376e-07
1.49142314e-07
1.49419791e-07
1.49652311e-07
1.49840447e-07
1.49984832e-07
1.50086155e-07
1.50145173e-07
1.50162688e-07
1.50139552e-07
1.50076659e-07
1.49974944e-07
1.49835377e-07
1.49658955e-07
1.49446698e-07
1.49199652e-07
1.48918874e-07
1.48605426e-07
1.48260386e-07
1.47884828e-07
1.47479814e-07
1.47046414e-07
1.46585667e-07
1.46098618e-07
1.45586279e-07
1.45049642e-07
1.44489648e-07
1.43907265e-07
1.43303373e-07
1.42678852e-07
1.42034533e-07
1.41371195e-07
1.40689604e-07
1.39990458e-07
1.39274440e-07
1.38542177e-07
1.37794238e-07
1.37031180e-07
1.36253483e-07
1.35461622e-07
1.34656012e-07
1.33837028e-07
1.33004989e-07
1.32160195e-07
1.31302945e-07
1.30433435e-07
1.29551863e-07
1.28658419e-07
1.27753247e-07
1.26836468e-07
1.25908160e-07
1.24968405e-07
1.24017307e-07
1.23054876e-07
1.22081154e-07
1.21096217e-07
1.20100050e-07
1.19092683e-07
1.18074162e-07
1.17044520e-07
1.16003772e-07
1.14951984e-07
1.13889212e-07
1.12815501e-07
1.11730957e-07
1.10635679e-07
1.09529759e-07
1.08413359e-07
1.07286611e-07
1.06149718e-07
1.05002883e-07
1.03846308e-07
1.02680267e-07
1.01505036e-07
1.00320890e-07
9.91281798e-08
9.79272302e-08
9.67184418e-08
9.55022145e-08
9.42789458e-08
9.30491078e-08
9.18131692e-08
9.05715936e-08
8.93249168e-08
8.80736676e-08
8.68183657e-08
8.55595998e-08
8.42979201e-08
8.30339433e-08
8.17682708e-08
8.05014872e-08
7.92342388e-08
7.79671246e-08
7.67008288e-08
7.54359049e-08
7.41730678e-08
7.29128989e-08
7.16560572e-08
7.04031450e-08
6.91548124e-08
6.79116757e-08
6.66743173e-08
6.54433618e-08
6.42193708e-08
6.30029451e-08
6.17946460e-08
6.05949947e-08
5.94045473e-08
5.82238176e-08
5.70532772e-08
5.58934287e-08
5.47447306e-08
5.36075975e-08
5.24824723e-08
5.13697290e-08
5.02697681e-08
4.91829446e-08
4.81095694e-08
4.70499774e-08
4.60044369e-08
4.49732603e-08
4.39566511e-08
4.29548356e-08
4.19680399e-08
4.09964476e-08
4.00402018e-08
3.90994663e-08
3.81743646e-08
3.72649823e-08
3.63714249e-08
3.54937422e-08
3.46320038e-08
3.37862437e-08
3.29564801e-08
3.21426984e-08
3.13448876e-08
3.05630393e-08
2.97971142e-08
2.90470606e-08
2.83127998e-08
2.75942733e-08
2.68913816e-08
2.62040458e-08
2.55321624e-08
2.48756064e-08
2.42342732e-08
2.36080369e-08
2.29967529e-08
2.24002972e-08
2.18185154e-08
2.12512736e-08
2.06984217e-08
2.01597951e-08
1.96352499e-08
1.91246282e-08
1.86277606e-08
1.81444975e-08
1.76746785e-08
1.72181332e-08
1.67747113e-08
1.63442445e-08
1.59265840e-08
1.55215732e-08
1.51290494e-08
1.47488690e-08
1.43808748e-08
1.40249358e-08
1.36808868e-08
1.33486102e-08
1.30279565e-08
1.27187949e-08
1.24210115e-08
1.21344713e-08
1.18590578e-08
1.15946704e-08
1.13411857e-08
1.10985193e-08
1.08665653e-08
1.06452398e-08
1.04344553e-08
1.02341401e-08
1.00442242e-08
9.86464069e-09
9.69533756e-09
9.53626261e-09
9.38737796e-09
9.24864961e-09
9.12005130e-09
9.00156230e-09
8.89317301e-09
8.79488613e-09
8.70670402e-09
8.62864252e-09
8.56072770e-09
8.50299262e-09
8.45547959e-09
8.41823962e-09
8.39133468e-09
8.37483701e-09
8.36882697e-09
8.37339645e-09
8.38864731e-09
8.41469171e-09
8.45165253e-09
8.49966471e-09
8.55887256e-09
8.62943390e-09
8.71151536e-09
8.80529632e-09
8.91097032e-09
9.02873871e-09
9.15881967e-09
9.30143842e-09
9.45683493e-09
9.62526165e-09
9.80698757e-09
1.00022912e-08
1.02114548e-08
1.04347901e-08
1.06726139e-08
1.09252500e-08
1.11930396e-08
1.14763361e-08
1.17755117e-08
1.20909455e-08
1.24230138e-08
1.27721319e-08
1.31387136e-08
1.35231665e-08
1.39259493e-08
1.43474802e-08
1.47882296e-08
1.52486496e-08
1.57292192e-08
1.62304042e-08
1.67526860e-08
1.72965625e-08
1.78625129e-08
1.84510425e-08
1.90626206e-08
1.96977805e-08
2.03569755e-08
2.10407231e-08
2.17494947e-08
2.24837849e-08
2.32440500e-08
2.40307677e-08
2.48443540e-08
2.56852965e-08
2.65539624e-08
2.74507897e-08
2.83761416e-08
2.93303976e-08
3.03138725e-08
3.13268737e-08
3.23697015e-08
3.34425814e-08
3.45457497e-08
3.56793604e-08
3.68435517e-08
3.80384210e-08
3.92640492e-08
4.05204478e-08
4.18075265e-08
4.31252816e-08
4.44734934e-08
4.58520296e-08
4.72606182e-08
4.86989908e-08
5.01667619e-08
5.16635173e-08
5.31888166e-08
5.47420956e-08
5.63227611e-08
5.79301936e-08
5.95636454e-08
6.12223408e-08
6.29054799e-08
6.46121684e-08
6.63413790e-08
6.80921715e-08
6.98634774e-08
7.16540960e-08
7.34629624e-08
7.52887313e-08
7.71301995e-08
7.89860008e-08
8.08548030e-08
8.27351529e-08
8.46255982e-08
8.65246914e-08
8.84308727e-08
9.03425937e-08
9.22583220e-08
9.41764230e-08
9.60953262e-08
9.80133666e-08
9.99289109e-08
1.01840361e-07
1.03746039e-07
1.05644307e-07
1.07533579e-07
1.09412197e-07
1.11278601e-07
1.13131169e-07
1.14968346e-07
1.16788601e-07
1.18590474e-07
1.20372500e-07
1.22133178e-07
1.23871235e-07
1.25585219e-07
1.27273910e-07
1.28936027e-07
1.30570415e-07
1.32175899e-07
1.33751400e-07
1.35295925e-07
1.36808477e-07
1.38288151e-07
1.39734136e-07
1.41145618e-07
1.42521908e-07
1.43862318e-07
1.45166254e-07
1.46433211e-07
1.47662689e-07
1.48854278e-07
1.50007653e-07
1.51122494e-07
1.52198567e-07
1.53235715e-07
1.54233808e-07
1.55192732e-07
1.56112503e-07
1.56993144e-07
1.57834687e-07
1.58637283e-07
1.59401082e-07
1.60126262e-07
1.60813052e-07
1.61461716e-07
1.62072561e-07
1.62645909e-07
1.63182085e-07
1.63681486e-07
1.64144505e-07
1.64571545e-07
1.64963037e-07
1.65319426e-07
1.65641176e-07
1.65928753e-07
1.66182621e-07
1.66403272e-07
1.66591192e-07
1.66746862e-07
1.66870781e-07
1.66963430e-07
1.67025303e-07
1.67056884e-07
1.67058652e-07
1.67031085e-07
1.66974654e-07
1.66889820e-07
1.66777041e-07
1.66636767e-07
1.66469434e-07
1.66275478e-07
1.66055317e-07
1.65809368e-07
1.65538037e-07
1.65241715e-07
1.64920792e-07
1.64575649e-07
1.64206647e-07
1.63814156e-07
1.63398520e-07
1.62960095e-07
1.62499222e-07
1.62016224e-07
1.61511438e-07
1.60985189e-07
1.60437784e-07
1.59869549e-07
1.59280795e-07
1.58671820e-07
1.58042944e-07
1.57394459e-07
1.56726685e-07
1.56039928e-07
1.55334481e-07
1.54610667e-07
1.53868781e-07
1.53109167e-07
1.52332093e-07
1.51537928e-07
1.50726962e-07
1.49899540e-07
1.49055977e-07
1.48196628e-07
1.47321838e-07
1.46431935e-07
1.45527293e-07
1.44608251e-07
1.43675197e-07
1.42728500e-07
1.41768518e-07
1.40795654e-07
1.39810296e-07
1.38812817e-07
1.37803635e-07
1.36783155e-07
1.35751761e-07
1.34709886e-07
1.33657923e-07
1.32596310e-07
1.31525468e-07
1.30445796e-07
1.29357739e-07
1.28261699e-07
1.27158146e-07
1.26047433e-07
1.24930053e-07
1.23806380e-07
1.22676857e-07
1.21541876e-07
1.20401872e-07
1.19257254e-07
1.18108402e-07
1.16955738e-07
1.15799631e-07
1.14640492e-07
1.13478702e-07
1.12314609e-07
1.11148602e-07
1.09981041e-07
1.08812250e-07
1.07642596e-07
1.06472411e-07
1.05301995e-07
1.04131687e-07
1.02961771e-07
1.01792567e-07
1.00624364e-07
9.94574176e-08
9.82920225e-08
9.71284410e-08
9.59669017e-08
9.48076748e-08
9.36509727e-08
9.24970495e-08
9.13461272e-08
9.01983963e-08
8.90540895e-08
8.79134085e-08
8.67765251e-08
8.56436540e-08
8.45149806e-08
8.33906617e-08
8.22708980e-08
8.11558386e-08
8.00456772e-08
7.89405807e-08
7.78406901e-08
7.67461917e-08
7.56572236e-08
7.45739922e-08
7.34965877e-08
7.24252385e-08
7.13600580e-08
7.03012060e-08
6.92488881e-08
6.82032204e-08
6.71643659e-08
6.61325327e-08
6.51078205e-08
6.40904626e-08
6.30805848e-08
6.20783806e-08
6.10840024e-08
6.00976477e-08
5.91194947e-08
5.81497035e-08
5.71884781e-08
5.62359836e-08
5.52924281e-08
5.43580015e-08
5.34328957e-08
5.25172853e-08
5.16113669e-08
5.07153769e-08
4.98294767e-08
4.89538679e-08
4.80887720e-08
4.72343931e-08
4.63909359e-08
4.55585888e-08
4.47375595e-08
4.39280907e-08
4.31303561e-08
4.23445651e-08
4.15709442e-08
4.08097028e-08
4.00610507e-08
3.93251821e-08
3.86023232e-08
3.78926689e-08
3.71964449e-08
3.65138615e-08
3.58451145e-08
3.51904291e-08
3.45500023e-08
3.39240589e-08
3.33128100e-08
3.27164672e-08
3.21352305e-08
3.15693137e-08
3.10189551e-08
3.04843464e-08
2.99657051e-08
2.94632612e-08
2.89772351e-08
2.85078492e-08
2.80553193e-08
2.76198745e-08
2.72017649e-08
2.68012076e-08
2.64184429e-08
2.60537307e-08
2.57072969e-08
2.53794181e-08
2.50703401e-08
2.47803360e-08
2.45096733e-08
2.42586385e-08
2.40275197e-08
2.38166090e-08
2.36262171e-08
2.34566588e-08
2.33082561e-08
2.31813461e-08
2.30762814e-08
2.29934161e-08
2.29331242e-08
2.28957897e-08
2.28818124e-08
2.28916055e-08
2.29255964e-08
2.29842302e-08
2.30679683e-08
2.31772869e-08
2.33126808e-08
2.34746669e-08
2.36637750e-08
2.38805571e-08
2.41255914e-08
2.43994671e-08
2.47028066e-08
2.50362421e-08
2.54004346e-08
2.57960688e-08
2.62238630e-08
2.66845531e-08
2.71788788e-08
2.77076463e-08
2.82716698e-08
2.88717769e-08
2.95088337e-08
3.01837490e-08
3.08974156e-08
3.16508307e-08
3.24449259e-08
3.32807608e-08
3.41593190e-08
3.50817024e-08
3.60489858e-08
3.70622901e-08
3.81227872e-08
3.92316564e-08
4.03900530e-08
4.15992552e-08
4.28605199e-08
4.41750706e-08
4.55442635e-08
4.69694236e-08
4.84518629e-08
4.99929400e-08
5.15940641e-08
5.32565907e-08
5.49819183e-08
5.67714931e-08
5.86266910e-08
6.05489266e-08
6.25396562e-08
6.46002477e-08
6.67321464e-08
6.89366950e-08
