438.420301
438.468995
438.517687
438.566378
438.615068
438.663756
438.712442
438.761127
438.809811
438.858494
438.907175
438.955855
439.004533
439.053210
439.101886
439.150560
439.199232
439.247904
439.296574
439.345242
439.393910
439.442575
439.491240
439.539903
439.588565
439.637225
439.685884
439.734541
439.783197
439.831852
439.880506
439.929157
439.977808
440.026457
440.075105
440.123751
440.172396
440.221040
440.269682
440.318323
440.366963
440.415601
440.464237
440.512873
440.561506
440.610139
440.658770
440.707400
440.756028
440.804655
440.853281
440.901905
440.950528
440.999149
441.047769
441.096388
441.145005
441.193621
441.242235
441.290848
441.339460
441.388070
441.436679
441.485287
441.533893
441.582498
441.631101
441.679703
441.728304
441.776903
441.825501
441.874097
441.922692
441.971286
442.019878
442.068469
442.117058
442.165646
442.214233
442.262818
442.311402
442.359985
442.408566
442.457146
442.505724
442.554301
442.602877
442.651451
442.700024
442.748595
442.797165
442.845734
442.894301
442.942867
442.991431
443.039995
443.088556
443.137117
443.185676
443.234233
443.282789
443.331344
443.379897
443.428449
443.477000
443.525549
443.574097
443.622643
443.671189
443.719732
443.768274
443.816815
443.865355
443.913893
443.962430
444.010965
444.059499
444.108031
444.156563
444.205092
444.253621
444.302148
444.350673
444.399198
444.447720
444.496242
444.544762
444.593281
444.641798
444.690314
444.738828
444.787341
444.835853
444.884364
444.932872
444.981380
445.029886
445.078391
445.126894
445.175396
445.223897
445.272396
445.320894
445.369391
445.417886
445.466379
445.514872
445.563363
445.611852
445.660340
445.708827
445.757312
445.805796
445.854279
445.902760
445.951240
445.999718
446.048195
446.096671
446.145145
446.193618
446.242089
446.290560
446.339028
446.387496
446.435961
446.484426
446.532889
446.581351
446.629811
446.678270
446.726728
446.775184
446.823639
446.872092
446.920544
446.968995
447.017444
447.065892
447.114339
447.162784
447.211227
447.259670
447.308111
447.356550
447.404988
447.453425
447.501860
447.550294
447.598727
447.647158
447.695588
447.744016
447.792443
447.840869
447.889293
447.937716
447.986138
448.034558
448.082977
448.131394
448.179810
448.228224
448.276638
448.325049
448.373460
448.421869
448.470276
448.518682
448.567087
448.615491
448.663893
448.712293
448.760693
448.809091
448.857487
448.905882
448.954276
449.002668
449.051059
449.099449
449.147837
449.196224
449.244609
449.292993
449.341376
449.389757
449.438137
449.486515
449.534892
449.583268
449.631642
449.680015
449.728387
449.776757
449.825126
449.873493
449.921859
449.970223
450.018587
450.066948
450.115309
450.163668
450.212026
450.260382
450.308737
450.357090
450.405442
450.453793
450.502142
450.550490
450.598837
450.647182
450.695525
450.743868
450.792209
450.840548
450.888887
450.937223
450.985559
451.033893
451.082225
451.130557
451.178887
451.227215
451.275542
451.323868
451.372192
451.420515
451.468837
451.517157
451.565475
451.613793
451.662109
451.710423
451.758737
451.807048
451.855359
451.903668
451.951975
452.000282
452.048587
452.096890
452.145192
452.193493
452.241792
452.290090
452.338387
452.386682
452.434976
452.483268
452.531559
452.579849
452.628137
452.676424
452.724709
452.772993
452.821276
452.869557
452.917837
452.966115
453.014392
453.062668
453.110943
453.159215
453.207487
453.255757
453.304026
453.352293
453.400559
453.448824
453.497087
453.545349
453.593609
453.641869
453.690126
453.738382
453.786637
453.834891
453.883143
453.931394
453.979643
454.027891
454.076138
454.124383
454.172627
454.220869
454.269110
454.317350
454.365588
454.413825
454.462060
454.510294
454.558527
454.606758
454.654988
454.703217
454.751444
454.799669
454.847894
454.896117
454.944338
454.992558
455.040777
455.088995
455.137211
455.185425
455.233639
455.281850
455.330061
455.378270
455.426478
455.474684
455.522889
455.571092
455.619295
455.667495
455.715695
455.763893
455.812089
455.860284
455.908478
455.956671
456.004862
456.053051
456.101240
456.149426
456.197612
456.245796
456.293979
456.342160
456.390340
456.438518
456.486696
456.534871
456.583046
456.631219
456.679390
456.727561
456.775729
456.823897
456.872063
456.920227
456.968391
457.016553
457.064713
457.112872
457.161030
457.209186
457.257341
457.305495
457.353647
457.401798
457.449947
457.498095
457.546242
457.594387
457.642531
457.690673
457.738814
457.786954
457.835092
457.883229
457.931364
457.979499
458.027631
458.075763
458.123893
458.172021
458.220148
458.268274
458.316398
458.364521
458.412643
458.460763
458.508882
458.557000
458.605116
458.653230
458.701344
458.749455
458.797566
458.845675
458.893783
458.941889
458.989994
459.038098
459.086200
459.134301
459.182400
459.230498
459.278595
459.326690
459.374784
459.422876
459.470967
459.519057
459.567145
459.615232
459.663318
459.711402
459.759485
459.807566
459.855646
459.903724
459.951802
459.999877
460.047952
460.096025
460.144097
460.192167
460.240236
460.288303
460.336369
460.384434
460.432497
460.480559
460.528620
460.576679
460.624737
460.672793
460.720848
460.768901
460.816954
460.865004
460.913054
460.961102
461.009149
461.057194
461.105238
461.153280
461.201321
461.249361
461.297399
461.345436
461.393472
461.441506
461.489539
461.537570
461.585600
461.633629
461.681656
461.729682
461.777706
461.825729
461.873751
461.921771
461.969790
462.017807
462.065824
462.113838
462.161852
462.209864
462.257874
462.305883
462.353891
462.401897
462.449902
462.497906
462.545908
462.593909
462.641908
462.689907
462.737903
462.785898
462.833892
462.881885
462.929876
462.977866
463.025854
463.073841
463.121827
463.169811
463.217793
463.265775
463.313755
463.361734
463.409711
463.457687
463.505661
463.553634
463.601606
463.649576
463.697545
463.745512
463.793479
463.841443
463.889407
463.937369
463.985329
464.033288
464.081246
464.129203
464.177158
464.225111
464.273063
464.321014
464.368964
464.416912
464.464859
464.512804
464.560748
464.608690
464.656631
464.704571
464.752510
464.800446
464.848382
464.896316
464.944249
464.992180
465.040111
465.088039
465.135966
465.183892
465.231817
465.279740
465.327662
465.375582
465.423501
465.471418
465.519334
465.567249
465.615163
465.663075
465.710985
465.758894
465.806802
465.854709
465.902614
465.950517
465.998419
466.046320
466.094220
466.142118
466.190015
466.237910
466.285804
466.333696
466.381588
466.429477
466.477366
466.525253
466.573138
466.621023
466.668905
466.716787
466.764667
466.812546
466.860423
466.908299
466.956173
467.004046
467.051918
467.099788
467.147657
467.195525
467.243391
467.291256
467.339119
467.386981
467.434842
467.482701
467.530559
467.578415
467.626270
467.674124
467.721976
467.769827
467.817677
467.865525
467.913372
467.961217
468.009061
468.056903
468.104745
468.152584
468.200423
468.248260
468.296095
468.343930
468.391762
468.439594
468.487424
468.535253
468.583080
468.630906
468.678730
468.726553
468.774375
468.822196
468.870015
468.917832
468.965648
469.013463
469.061276
469.109089
469.156899
469.204708
469.252516
469.300323
469.348128
469.395931
469.443734
469.491535
469.539334
469.587132
469.634929
469.682724
469.730518
469.778311
469.826102
469.873892
469.921680
469.969467
470.017253
470.065037
470.112820
470.160602
470.208382
470.256161
470.303938
470.351714
470.399488
470.447261
470.495033
470.542804
470.590573
470.638340
470.686106
470.733871
470.781635
470.829397
470.877157
470.924917
470.972674
471.020431
471.068186
471.115940
471.163692
471.211443
471.259193
471.306941
471.354687
471.402433
471.450177
471.497919
471.545661
471.593400
471.641139
471.688876
471.736612
471.784346
471.832079
471.879810
471.927540
471.975269
472.022996
472.070722
472.118447
472.166170
472.213892
472.261612
472.309331
472.357049
472.404765
472.452480
472.500193
472.547906
472.595616
472.643325
472.691033
472.738740
472.786445
472.834149
472.881851
472.929552
472.977252
473.024950
473.072647
473.120342
473.168036
473.215729
473.263420
473.311110
473.358798
473.406485
473.454171
473.501855
473.549538
473.597220
473.644900
473.692578
473.740256
473.787932
473.835606
473.883280
473.930951
473.978622
474.026291
474.073958
474.121625
474.169290
474.216953
474.264615
474.312276
474.359935
474.407593
474.455250
474.502905
474.550558
474.598211
474.645862
474.693511
474.741160
474.788806
474.836452
474.884096
474.931738
474.979380
475.027020
475.074658
475.122295
475.169931
475.217565
475.265198
475.312830
475.360460
475.408089
475.455716
475.503342
475.550967
475.598590
475.646212
475.693832
475.741451
